% Data acquired by the myDAQ device on 13/01/2025 at 14:53
% ai0    ai1     output buffer
% Sample rate [Hz]: 200.000000
data=[
-0.001210	0.000094	0.000000
0.000419	-0.001536	0.000000
0.000094	-0.000884	0.000000
0.000094	-0.003816	0.000000
0.000094	-0.000558	0.000000
0.000745	-0.003490	0.000000
0.001397	-0.004468	0.000000
0.000745	0.002700	0.000000
0.000094	0.001397	0.000000
-0.000232	0.004003	0.000000
0.000419	-0.028904	0.000000
0.001071	-0.002187	0.000000
0.001071	-0.006423	0.000000
0.000419	0.001723	0.000000
-0.001861	0.004655	0.000000
0.001071	-0.000558	0.000000
0.000094	0.006284	0.000000
-0.000232	-0.003490	0.000000
0.000419	0.003352	0.000000
0.000094	0.000419	0.000000
0.001071	-0.001536	0.000000
0.001397	0.000745	0.000000
0.000419	0.002374	0.000000
0.000419	0.004981	0.000000
-0.000884	-0.000558	0.000000
0.001397	0.002374	0.000000
0.001071	0.002374	0.000000
-0.000232	-0.001210	0.000000
-0.000884	0.001397	0.000000
0.001071	0.004329	0.000000
0.000094	0.011171	0.000000
0.000419	0.004655	0.000000
0.000094	0.005632	0.000000
0.000094	0.002374	0.000000
0.000419	-0.001861	0.000000
0.001071	-0.007074	0.000000
0.000745	-0.005445	0.000000
0.000419	-0.000558	0.000000
-0.000232	0.005307	0.000000
0.000094	0.004003	0.000000
-0.000232	0.002700	0.000000
0.000094	-0.004794	0.000000
0.002048	0.034955	0.000000
0.000094	-0.002187	0.000000
-0.000558	-0.009029	0.000000
0.000094	-0.001210	0.000000
0.002700	0.002374	0.000000
0.000094	-0.002187	0.000000
0.000419	-0.004142	0.000000
-0.000232	-0.002839	0.000000
0.000745	-0.000232	0.000000
0.000094	0.006284	0.000000
0.000419	-0.000232	0.000000
-0.000884	-0.006423	0.000000
-0.001210	-0.003490	0.000000
-0.000232	-0.000558	0.000000
0.000745	-0.003816	0.000000
0.000094	-0.001210	0.000000
0.000419	0.001397	0.000000
0.000094	-0.009355	0.000000
0.002048	0.001071	0.000000
-0.000558	-0.010658	0.000000
0.001071	0.007913	0.000000
0.001071	0.000094	0.000000
0.000094	-0.000558	0.000000
0.000745	-0.000232	0.000000
0.000419	-0.003816	0.000000
0.000094	-0.007074	0.000000
-0.000232	0.004003	0.000000
-0.001210	-0.004142	0.000000
0.000419	-0.003816	0.000000
-0.000232	-0.002513	0.000000
0.001071	0.001071	0.000000
0.000745	-0.000558	0.000000
-0.000558	0.006284	0.000000
-0.000232	-0.001861	0.000000
0.000419	-0.009029	0.000000
0.000094	-0.001536	0.000000
-0.000558	0.002048	0.000000
-0.000232	-0.000884	0.000000
0.000094	0.015733	0.000000
0.000419	-0.000884	0.000000
0.001723	0.002700	0.000000
0.000419	-0.002187	0.000000
0.000419	-0.015220	0.000000
0.000419	-0.007726	0.000000
-0.000232	0.002700	0.000000
-0.000884	0.000094	0.000000
0.000419	0.003677	0.000000
-0.000232	-0.003490	0.000000
0.001071	0.008239	0.000000
0.001397	0.006284	0.000000
-0.000232	-0.003165	0.000000
0.000419	0.008890	0.000000
0.000419	-0.008703	0.000000
0.000094	0.002700	0.000000
0.000094	0.003026	0.000000
-0.000232	0.008239	0.000000
0.000419	0.003677	0.000000
0.001071	0.001723	0.000000
0.000419	0.002048	0.000000
0.000094	-0.012613	0.000000
-0.000232	0.001397	0.000000
0.000094	-0.001210	0.000000
0.000419	0.000094	0.000000
0.000419	0.002374	0.000000
0.001071	-0.002513	0.000000
0.000419	-0.005771	0.000000
0.000419	0.000419	0.000000
-0.000232	0.006610	0.000000
0.001397	-0.002513	0.000000
0.000419	-0.002839	0.000000
0.000419	0.002048	0.000000
0.000094	-0.000232	0.000000
0.000094	-0.002513	0.000000
0.000094	-0.004142	0.000000
0.000094	-0.011310	0.000000
0.000419	-0.005771	0.000000
0.000745	0.000094	0.000000
0.000094	0.002700	0.000000
0.001723	0.002374	0.000000
0.000094	-0.007074	0.000000
0.001397	-0.007726	0.000000
0.000419	-0.012287	0.000000
0.000745	-0.005119	0.000000
-0.000558	0.001397	0.000000
-0.000558	-0.000558	0.000000
0.000419	0.003352	0.000000
0.000419	0.001071	0.000000
0.000419	0.033978	0.000000
0.000094	0.006610	0.000000
0.000745	-0.030207	0.000000
0.000094	-0.000232	0.000000
0.001071	-0.001210	0.000000
0.000745	-0.002187	0.000000
-0.000232	0.000094	0.000000
0.000094	0.003352	0.000000
-0.000558	-0.004468	0.000000
-0.000558	0.002374	0.000000
0.000419	-0.000558	0.000000
0.000745	-0.000232	0.000000
-0.000558	0.000419	0.000000
0.001723	0.004003	0.000000
0.001071	0.005632	0.000000
-0.000232	0.004329	0.000000
0.000419	-0.007074	0.000000
-0.000558	-0.001210	0.000000
0.000745	0.013452	0.000000
-0.000232	0.002374	0.000000
0.000419	0.015407	0.000000
-0.000232	0.005307	0.000000
0.000094	0.004981	0.000000
0.000419	0.000094	0.000000
-0.000558	-0.004794	0.000000
0.000419	0.003026	0.000000
0.000419	-0.001536	0.000000
-0.001210	-0.006097	0.000000
-0.000232	-0.004142	0.000000
0.000094	-0.003490	0.000000
0.001397	-0.001861	0.000000
-0.000558	0.002374	0.000000
0.001071	-0.001210	0.000000
0.001071	-0.007400	0.000000
0.001071	-0.004794	0.000000
0.002374	0.000094	0.000000
0.000419	0.001397	0.000000
0.000745	0.003352	0.000000
-0.000884	-0.003165	0.000000
0.000094	0.002048	0.000000
0.000094	-0.003816	0.000000
0.000419	0.001397	0.000000
0.001397	0.006284	0.000000
0.001071	0.006610	0.000000
0.000419	0.002374	0.000000
0.000094	0.002700	0.000000
0.001071	-0.004468	0.000000
0.000419	0.003677	0.000000
0.000745	-0.008052	0.000000
-0.000232	-0.001210	0.000000
0.001071	0.006610	0.000000
0.001071	-0.006423	0.000000
0.000419	0.003352	0.000000
0.001397	0.002048	0.000000
0.001071	0.002700	0.000000
-0.000232	0.010845	0.000000
0.001071	0.009216	0.000000
-0.000884	-0.040633	0.000000
0.000094	0.001071	0.000000
-0.000558	0.000094	0.000000
-0.000884	0.000745	0.000000
0.000745	0.030068	0.000000
0.001071	0.002700	0.000000
0.001723	-0.005771	0.000000
0.000419	0.006610	0.000000
-0.000232	0.003352	0.000000
-0.000558	-0.003490	0.000000
0.000094	0.004981	0.000000
0.001071	0.001397	0.000000
0.000094	-0.005445	0.000000
0.000745	-0.003816	0.000000
0.001397	0.010845	0.000000
0.000745	0.026810	0.000000
0.000745	0.011171	0.000000
0.000419	0.001723	0.000000
0.000094	-0.000232	0.000000
0.000094	0.004003	0.000000
0.000419	-0.005771	0.000000
0.001071	0.004981	0.000000
0.000094	-0.000558	0.000000
-0.000232	0.003352	0.000000
0.000094	0.025181	0.000000
0.000419	0.006610	0.000000
-0.000232	0.003026	0.000000
0.000419	-0.009029	0.000000
0.000419	-0.005119	0.000000
0.000419	-0.010984	0.000000
0.000094	0.004655	0.000000
0.000094	-0.000232	0.000000
-0.000884	-0.005771	0.000000
-0.000232	-0.002187	0.000000
0.000419	0.001723	0.000000
-0.000232	-0.012287	0.000000
0.000419	0.000419	0.000000
0.000745	-0.001861	0.000000
-0.000558	-0.000232	0.000000
-0.000558	0.004981	0.000000
-0.000232	-0.002187	0.000000
0.001071	-0.006097	0.000000
-0.000232	-0.001861	0.000000
0.000094	-0.032488	0.000000
-0.000884	-0.001210	0.000000
-0.000558	0.003352	0.000000
-0.000232	-0.003816	0.000000
-0.000232	0.003352	0.000000
-0.000232	0.000094	0.000000
-0.000558	-0.027275	0.000000
0.000094	0.004655	0.000000
0.001071	-0.006423	0.000000
0.000745	0.001071	0.000000
0.000094	-0.004142	0.000000
0.000419	-0.006749	0.000000
-0.000232	0.005307	0.000000
-0.000232	0.000419	0.000000
-0.000232	0.009216	0.000000
0.000419	-0.001210	0.000000
0.000745	0.047988	0.000000
0.000419	0.001723	0.000000
0.000094	0.000094	0.000000
0.000419	-0.000232	0.000000
0.000419	0.000094	0.000000
0.000094	0.000094	0.000000
-0.000884	-0.000558	0.000000
0.000094	-0.003165	0.000000
0.000419	-0.017826	0.000000
-0.000232	-0.000232	0.000000
0.000419	0.003677	0.000000
-0.000232	0.002700	0.000000
0.000419	0.003352	0.000000
-0.000232	0.002374	0.000000
0.000419	0.005958	0.000000
0.001397	0.003026	0.000000
0.000745	-0.002839	0.000000
0.000419	-0.004468	0.000000
0.000745	-0.003165	0.000000
0.001071	0.002700	0.000000
0.000094	-0.029230	0.000000
0.000094	0.003026	0.000000
0.000094	-0.000558	0.000000
0.000745	0.000094	0.000000
-0.000232	-0.004794	0.000000
0.001071	0.001397	0.000000
-0.000558	-0.004794	0.000000
-0.000558	-0.026949	0.000000
