% Data acquired by the myDAQ device on 13/01/2025 at 14:50
% ai0    ai1     output buffer
% Sample rate [Hz]: 200.000000
data=[
-3.868269	-0.084292	-3.866489
6.733318	-0.280105	6.728205
2.116892	0.074053	2.114718
-4.394780	0.499237	-4.393453
-0.322460	0.525302	-0.324074
0.986651	0.471217	0.985858
-2.689156	0.360441	-2.689385
-1.146438	0.007587	-1.146224
-4.450820	-0.533586	-4.448365
5.361976	-1.161425	5.359348
-2.481288	-1.346160	-2.479396
4.963509	-1.393077	4.961533
-2.885946	-1.033055	-2.885221
6.211693	-0.595816	6.206324
0.985674	0.334376	0.984643
1.219281	1.289982	1.218212
-2.758228	2.059875	-2.756833
5.449620	2.557389	5.445706
5.346337	3.262120	5.344760
4.203716	4.113466	4.201629
2.591600	4.862507	2.589669
-4.845052	5.152479	-4.843920
2.935331	4.616519	2.933494
1.389680	3.880836	1.387926
5.834403	3.044152	5.830025
-3.084691	2.300976	-3.082906
3.671665	1.265546	3.670446
4.759225	0.550715	4.756640
0.200142	0.152899	0.200457
-0.809223	-0.196371	-0.809029
-4.272927	-0.744712	-4.271183
4.063291	-1.259169	4.061485
3.020042	-1.369945	3.017596
6.010993	-0.890350	6.005944
0.483924	0.184829	0.482790
6.881236	1.290634	6.875712
0.316782	2.758089	0.315674
6.371993	4.059055	6.366157
-0.653159	5.308543	-0.652830
0.195581	5.901846	0.194843
-3.822329	5.776735	-3.817628
1.663036	4.825039	1.660390
3.691540	3.637455	3.689991
5.793025	2.565209	5.788894
2.976709	1.816168	2.974639
4.786593	1.291937	4.782939
4.965138	1.148254	4.963344
6.002196	1.429755	5.997544
2.672401	2.065088	2.668037
-0.153690	2.674030	-0.152623
-1.378416	2.929141	-1.376291
4.508676	2.877662	4.505837
-2.766699	2.786435	-2.765502
6.613745	2.396764	6.607915
6.650562	2.428694	6.645445
-0.672708	2.701398	-0.670720
-4.326360	2.538818	-4.324099
2.711498	1.873511	2.710000
6.461917	1.406297	6.456206
-4.692898	1.183116	-4.691031
-2.907776	0.469262	-2.906639
-0.127625	-0.502308	-0.128127
4.254868	-1.255910	4.252915
5.903801	-1.368641	5.900204
5.964402	-0.732657	5.958590
-1.028820	0.364025	-1.027280
3.255604	1.388051	3.253811
-1.263078	2.406213	-1.262182
-1.228216	2.995606	-1.226850
3.816000	3.257233	3.814245
-4.357312	3.311643	-4.355901
-0.136422	2.725834	-0.136915
-4.152376	1.748725	-4.150966
-4.240997	0.233375	-4.239980
0.952115	-1.464756	0.950808
2.490598	-2.846523	2.486862
-1.515582	-3.640200	-1.514404
-3.075895	-4.265107	-3.075053
3.151018	-4.499040	3.148546
5.161928	-3.932128	5.159082
3.823494	-2.486827	3.822201
-4.301924	-0.698121	-4.300039
3.148738	0.851439	3.146967
4.854036	2.548918	4.851286
-3.638897	4.136599	-3.639195
-1.271224	4.935489	-1.269135
6.389912	5.232955	6.386684
-1.388516	5.381199	-1.386548
2.164461	4.958621	2.162120
-4.700717	4.068178	-4.699363
0.331118	2.493204	0.329769
1.465594	0.799635	1.463916
-4.341021	-0.880250	-4.339966
4.550705	-2.543192	4.548363
-4.059194	-3.648997	-4.059006
0.493047	-4.562247	0.492099
-1.742021	-4.989386	-1.741007
-4.702346	-5.100814	-4.700448
5.085036	-4.903046	5.080904
6.778931	-3.669198	6.772643
0.418436	-1.628965	0.417854
5.002280	0.638359	4.999091
-0.105469	3.093350	-0.105512
1.525870	5.102304	1.523909
4.555918	6.702040	4.554319
-3.921376	7.724111	-3.918317
2.637539	7.694462	2.635298
-3.232936	6.965296	-3.231611
-1.789916	5.302027	-1.787973
4.723060	3.161770	4.720539
5.202003	1.302037	5.199740
4.193290	-0.073214	4.191811
6.705624	-0.861353	6.700128
-1.989964	-1.042830	-1.988814
3.364425	-1.136012	3.362827
2.083008	-0.829749	2.080296
6.374273	-0.111986	6.369423
-2.564370	0.965148	-2.563851
4.538650	1.846143	4.537189
1.986567	2.859743	1.985101
-1.664804	3.599335	-1.662831
-3.650300	3.737153	-3.648274
0.447107	3.215855	0.445065
4.065246	2.521876	4.062491
4.775515	2.033158	4.773899
3.209990	1.808348	3.208415
-3.337521	1.581583	-3.336240
5.229697	1.134244	5.226519
6.150766	1.090911	6.145456
4.688524	1.525870	4.686477
2.479520	2.228320	2.476594
5.742850	2.990393	5.738877
-1.546860	3.784722	-1.545290
-3.139428	3.985748	-3.138188
-3.468823	3.415903	-3.467399
-1.518189	2.227994	-1.516958
-0.312686	0.738383	-0.312183
4.186774	-0.625465	4.184025
6.102220	-1.383303	6.097544
1.621007	-1.460520	1.619237
5.746108	-1.077366	5.742277
-0.913157	-0.223087	-0.912466
-1.842697	0.517808	-1.841720
-2.263972	0.967103	-2.262142
-4.121098	0.995774	-4.119605
-2.959254	0.563096	-2.958200
1.830829	-0.123063	1.828952
-3.200680	-0.697143	-3.200066
6.309437	-1.226262	6.303753
4.090659	-1.034684	4.088664
5.320924	-0.293789	5.316717
-2.206629	0.778783	-2.205610
-3.636616	1.468853	-3.634662
-2.896372	1.611232	-2.894924
4.698298	1.479604	4.696041
-1.076388	1.502737	-1.075640
-1.466385	1.266198	-1.465333
5.081127	0.955048	5.078591
3.963918	1.019558	3.962117
0.635101	1.293566	0.633817
6.380789	1.613839	6.375858
2.007419	2.334860	2.006082
3.475201	3.001471	3.473250
1.500131	3.603571	1.497475
-4.575606	3.798406	-4.574674
4.539628	3.408084	4.536923
2.297066	3.021997	2.293993
4.260733	2.660346	4.259702
-0.995587	2.340725	-0.994541
-2.699582	1.670856	-2.698139
2.910243	0.774548	2.908946
3.474549	0.093601	3.472444
6.227006	-0.103840	6.222295
-0.674011	0.174729	-0.673990
-3.186345	0.298537	-3.185436
0.549738	0.172774	0.548811
-2.686875	-0.002839	-2.684322
1.902182	-0.318224	1.898455
5.920743	-0.291182	5.916350
0.772267	0.206332	0.770819
3.135054	0.832868	3.133699
3.982490	1.666294	3.980653
-0.194416	2.565535	-0.193622
3.789935	3.244200	3.788209
-3.370102	3.729660	-3.369045
-4.435507	3.451417	-4.433996
2.300324	2.564557	2.296351
-0.704311	1.598851	-0.703589
-4.070272	0.343825	-4.069582
-4.899788	-1.224307	-4.898050
0.920837	-2.982712	0.919702
-2.315124	-4.303879	-2.313859
-2.363996	-5.327579	-2.362375
-4.477536	-6.046320	-4.475834
-1.366361	-6.457494	-1.366382
5.476010	-6.149928	5.472794
2.314986	-4.768486	2.312893
-0.899472	-2.819481	-0.898614
5.964076	-0.598423	5.959727
3.916676	2.086266	3.915435
-4.121750	4.566018	-4.119221
5.155738	6.301291	5.152643
3.313272	7.714011	3.311981
5.461349	8.624980	5.458340
6.990057	9.203948	6.984741
-3.456117	9.222519	-3.454465
6.966273	8.256813	6.960031
-2.620084	6.903391	-2.619517
6.454423	4.936140	6.449006
6.445952	3.208687	6.441554
2.651549	1.821707	2.650152
4.465017	0.659211	4.462564
4.746518	-0.040307	4.743870
1.753612	-0.279127	1.752202
-4.872746	-0.465491	-4.871934
-4.820290	-1.057817	-4.818647
0.535402	-1.867133	0.531210
-2.646475	-2.469885	-2.644345
-4.968535	-3.114340	-4.966075
2.434884	-3.691353	2.432886
0.043101	-3.703408	0.042475
1.780003	-3.266494	1.776730
5.741221	-2.223245	5.736931
-2.666349	-0.689976	-2.664637
-3.646065	0.568961	-3.644750
-2.479985	1.345696	-2.479000
-1.608439	1.702134	-1.607270
-1.192377	1.700179	-1.189732
0.049291	1.429104	0.047974
5.963425	1.196148	5.959285
-3.070030	1.194519	-3.069380
4.489127	0.991864	4.486262
2.501676	1.064846	2.501780
5.766960	1.400106	5.763059
2.156315	2.037394	2.154599
5.669868	2.753854	5.665463
-0.195068	3.572619	-0.194975
6.730385	4.129757	6.724111
-4.903046	4.592409	-4.900664
6.530663	4.403113	6.525321
5.938011	4.371509	5.932449
1.320608	4.383564	1.318635
0.670614	4.076649	0.669081
4.231736	3.535476	4.229824
0.803545	2.995280	0.803030
2.155012	2.303256	2.151994
-1.270246	1.539880	-1.268101
3.830661	0.687556	3.828886
4.221961	0.195581	4.219991
3.274827	0.128463	3.271685
4.535718	0.421368	4.533107
5.019222	1.125121	5.016318
-0.274566	2.044562	-0.273986
3.515927	2.787087	3.513590
-0.559651	3.435126	-0.557566
-2.362693	3.634197	-2.361048
-2.229762	3.139615	-2.227476
0.680063	2.241678	0.678491
-0.268701	1.185396	-0.267815
-2.325224	0.018991	-2.323674
-1.492450	-1.314557	-1.492720
-3.767267	-2.625623	-3.765618
4.570254	-3.759773	4.568074
5.260323	-3.954283	5.257691
-3.686140	-3.449926	-3.684966
-2.742589	-2.925044	-2.742192
-0.132512	-2.390387	-0.133400
0.494024	-1.558264	0.492892
5.124785	-0.519576	5.123319
-3.483485	0.812016	-3.482227
