% Data acquired by the PCI6221 device on 25/11/2024 at 17:13
% Sample rate [Hz]: 1000.000000
%   acq_output  acq_input1  acq_input2 input1_calc input2_calc
data=[
 6.659928 	 3.999488 	 8.000228 	 4.000000 	 8.000000 
 5.065217 	 3.999813 	 8.000228 	 4.000000 	 8.000000 
 3.381926 	 4.000137 	 8.000228 	 4.000000 	 8.000000 
 2.547912 	 3.999813 	 7.999903 	 4.000000 	 8.000000 
 2.289919 	 4.000137 	 8.000228 	 4.000000 	 8.000000 
 2.409667 	 3.999813 	 8.000228 	 4.000000 	 8.000000 
 2.746193 	 3.999813 	 8.000228 	 4.000000 	 8.000000 
 3.177154 	 3.999813 	 8.000228 	 4.000000 	 8.000000 
 3.619150 	 3.999488 	 8.000228 	 4.000000 	 8.000000 
 4.006952 	 3.999164 	 8.000228 	 4.000000 	 8.000000 
 4.306809 	 3.999813 	 7.999903 	 4.000000 	 8.000000 
 4.494383 	 3.999813 	 8.000552 	 4.000000 	 8.000000 
 4.584924 	 3.999488 	 8.000552 	 4.000000 	 8.000000 
 4.593362 	 3.999488 	 8.000228 	 4.000000 	 8.000000 
 4.547929 	 3.999813 	 8.000552 	 4.000000 	 8.000000 
 4.478806 	 3.999813 	 7.999903 	 4.000000 	 8.000000 
 4.407736 	 3.999488 	 7.999903 	 4.000000 	 8.000000 
 4.343805 	 3.999813 	 7.999903 	 4.000000 	 8.000000 
 4.301942 	 3.999488 	 8.000228 	 4.000000 	 8.000000 
 4.276629 	 3.999488 	 8.000228 	 4.000000 	 8.000000 
 4.265271 	 4.000137 	 8.000552 	 4.000000 	 8.000000 
 4.272086 	 3.999813 	 8.000228 	 4.000000 	 8.000000 
 4.284418 	 4.000137 	 7.999903 	 4.000000 	 8.000000 
 4.295776 	 3.999813 	 8.000228 	 4.000000 	 8.000000 
 4.309406 	 3.999813 	 8.000228 	 4.000000 	 8.000000 
 4.318817 	 4.000137 	 8.000228 	 4.000000 	 8.000000 
 4.324658 	 4.000137 	 8.000228 	 4.000000 	 8.000000 
 4.325632 	 4.000137 	 8.000228 	 4.000000 	 8.000000 
 4.325307 	 3.999813 	 7.999903 	 4.000000 	 8.000000 
 4.323036 	 3.999813 	 8.000228 	 4.000000 	 8.000000 
 4.317194 	 3.999813 	 8.000228 	 4.000000 	 8.000000 
 4.315247 	 3.999813 	 7.999903 	 4.000000 	 8.000000 
 4.316870 	 3.999813 	 8.000228 	 4.000000 	 8.000000 
 4.315572 	 3.999813 	 7.999903 	 4.000000 	 8.000000 
 4.314273 	 3.999813 	 8.000552 	 4.000000 	 8.000000 
 4.314598 	 4.000137 	 8.000552 	 4.000000 	 8.000000 
 4.317194 	 3.999813 	 8.000228 	 4.000000 	 8.000000 
 4.320115 	 4.000137 	 8.000228 	 4.000000 	 8.000000 
 4.318168 	 3.999813 	 8.000228 	 4.000000 	 8.000000 
 4.319790 	 4.000137 	 8.000228 	 4.000000 	 8.000000 
 4.317843 	 3.999488 	 7.999903 	 4.000000 	 8.000000 
 4.313949 	 3.999488 	 8.000552 	 4.000000 	 8.000000 
 4.316545 	 3.999488 	 8.000552 	 4.000000 	 8.000000 
 4.314273 	 3.999488 	 8.000552 	 4.000000 	 8.000000 
 4.316221 	 3.999813 	 8.000552 	 4.000000 	 8.000000 
 4.317194 	 3.999813 	 8.000228 	 4.000000 	 8.000000 
 4.316870 	 3.999813 	 7.999903 	 4.000000 	 8.000000 
 4.319466 	 3.999813 	 7.999903 	 4.000000 	 8.000000 
 4.317843 	 3.999164 	 7.999903 	 4.000000 	 8.000000 
 4.315572 	 4.000137 	 8.000228 	 4.000000 	 8.000000 
 -2.322452 	 3.999488 	 -0.000528 	 4.000000 	 0.000000 
 -0.179337 	 4.000137 	 -0.000528 	 4.000000 	 0.000000 
 2.652407 	 3.999813 	 -0.000528 	 4.000000 	 0.000000 
 4.613807 	 3.999488 	 0.000121 	 4.000000 	 0.000000 
 5.701931 	 3.999813 	 -0.000528 	 4.000000 	 0.000000 
 6.057285 	 3.999813 	 -0.000203 	 4.000000 	 0.000000 
 5.906706 	 4.000137 	 -0.000528 	 4.000000 	 0.000000 
 5.472818 	 4.000137 	 -0.000528 	 4.000000 	 0.000000 
 4.940276 	 3.999813 	 -0.000528 	 4.000000 	 0.000000 
 4.435644 	 3.999488 	 -0.000852 	 4.000000 	 0.000000 
 4.045895 	 3.999813 	 -0.000528 	 4.000000 	 0.000000 
 3.793418 	 4.000137 	 -0.000203 	 4.000000 	 0.000000 
 3.674968 	 3.999488 	 -0.000203 	 4.000000 	 0.000000 
 3.662636 	 3.999813 	 -0.000852 	 4.000000 	 0.000000 
 3.713910 	 3.999813 	 -0.000528 	 4.000000 	 0.000000 
 3.799908 	 3.999813 	 -0.000852 	 4.000000 	 0.000000 
 3.888178 	 4.000137 	 -0.000528 	 4.000000 	 0.000000 
 3.959897 	 4.000137 	 -0.000852 	 4.000000 	 0.000000 
 4.008250 	 4.000137 	 -0.000528 	 4.000000 	 0.000000 
 4.031940 	 3.999488 	 -0.000528 	 4.000000 	 0.000000 
 4.034536 	 3.999813 	 -0.000528 	 4.000000 	 0.000000 
 4.029669 	 3.999813 	 -0.000528 	 4.000000 	 0.000000 
 4.014092 	 4.000137 	 -0.000203 	 4.000000 	 0.000000 
 4.001760 	 3.999813 	 -0.000528 	 4.000000 	 0.000000 
 3.991700 	 3.999813 	 -0.000528 	 4.000000 	 0.000000 
 3.981640 	 3.999813 	 -0.000852 	 4.000000 	 0.000000 
 3.978070 	 3.999813 	 -0.000203 	 4.000000 	 0.000000 
 3.974500 	 4.000137 	 -0.000528 	 4.000000 	 0.000000 
 3.973527 	 4.000137 	 -0.000528 	 4.000000 	 0.000000 
 3.976447 	 3.999488 	 -0.000203 	 4.000000 	 0.000000 
 3.977745 	 3.999813 	 -0.000852 	 4.000000 	 0.000000 
 3.980341 	 3.999813 	 -0.000203 	 4.000000 	 0.000000 
 3.982938 	 3.999813 	 -0.000203 	 4.000000 	 0.000000 
 3.982938 	 3.999813 	 -0.000852 	 4.000000 	 0.000000 
 3.982613 	 3.999813 	 -0.000528 	 4.000000 	 0.000000 
 3.984236 	 3.999488 	 -0.000203 	 4.000000 	 0.000000 
 3.983911 	 3.999488 	 -0.000528 	 4.000000 	 0.000000 
 3.986183 	 3.999813 	 -0.000528 	 4.000000 	 0.000000 
 3.984885 	 3.999488 	 -0.000203 	 4.000000 	 0.000000 
 3.984236 	 3.999813 	 -0.000203 	 4.000000 	 0.000000 
 3.982613 	 3.999813 	 -0.000528 	 4.000000 	 0.000000 
 3.980991 	 3.999813 	 -0.000203 	 4.000000 	 0.000000 
 3.980341 	 3.999813 	 -0.000528 	 4.000000 	 0.000000 
 3.979368 	 3.999813 	 -0.000203 	 4.000000 	 0.000000 
 3.982613 	 3.999813 	 -0.000852 	 4.000000 	 0.000000 
 3.984885 	 3.999813 	 -0.000528 	 4.000000 	 0.000000 
 3.984885 	 3.999813 	 -0.000528 	 4.000000 	 0.000000 
 3.984885 	 3.999813 	 -0.000528 	 4.000000 	 0.000000 
 3.980017 	 3.999813 	 -0.000203 	 4.000000 	 0.000000 
 3.981640 	 3.999813 	 -0.000528 	 4.000000 	 0.000000 
 9.362611 	 3.999813 	 8.000228 	 4.000000 	 8.000000 
 8.478585 	 3.999813 	 8.000228 	 4.000000 	 8.000000 
 5.654551 	 4.000137 	 7.999903 	 4.000000 	 8.000000 
 3.697360 	 4.000137 	 7.999903 	 4.000000 	 8.000000 
 2.611517 	 4.000137 	 7.999903 	 4.000000 	 8.000000 
 2.254547 	 3.999813 	 8.000228 	 4.000000 	 8.000000 
 2.403176 	 3.999813 	 8.000228 	 4.000000 	 8.000000 
 2.831217 	 3.999813 	 8.000228 	 4.000000 	 8.000000 
 3.359534 	 3.999813 	 8.000552 	 4.000000 	 8.000000 
 3.855726 	 3.999488 	 8.000228 	 4.000000 	 8.000000 
 4.242230 	 4.000137 	 8.000228 	 4.000000 	 8.000000 
 4.492111 	 3.999488 	 8.000228 	 4.000000 	 8.000000 
 4.609263 	 3.999488 	 7.999903 	 4.000000 	 8.000000 
 4.626788 	 3.999813 	 8.000228 	 4.000000 	 8.000000 
 4.578109 	 3.999813 	 8.000552 	 4.000000 	 8.000000 
 4.497628 	 4.000137 	 7.999903 	 4.000000 	 8.000000 
 4.416173 	 3.999813 	 7.999903 	 4.000000 	 8.000000 
 4.345752 	 3.999813 	 8.000228 	 4.000000 	 8.000000 
 4.299346 	 3.999813 	 8.000228 	 4.000000 	 8.000000 
 4.270788 	 3.999813 	 7.999903 	 4.000000 	 8.000000 
 4.262026 	 3.999488 	 8.000552 	 4.000000 	 8.000000 
 4.270788 	 3.999488 	 8.000228 	 4.000000 	 8.000000 
 4.279874 	 4.000137 	 8.000552 	 4.000000 	 8.000000 
 4.296100 	 3.999813 	 8.000228 	 4.000000 	 8.000000 
 4.311677 	 3.999813 	 8.000228 	 4.000000 	 8.000000 
 4.319466 	 3.999164 	 8.000228 	 4.000000 	 8.000000 
 4.325307 	 4.000137 	 8.000228 	 4.000000 	 8.000000 
 4.326605 	 3.999488 	 8.000228 	 4.000000 	 8.000000 
 4.323360 	 3.999813 	 8.000228 	 4.000000 	 8.000000 
 4.322387 	 3.999488 	 8.000228 	 4.000000 	 8.000000 
 4.320115 	 3.999813 	 8.000552 	 4.000000 	 8.000000 
 4.317519 	 3.999813 	 8.000552 	 4.000000 	 8.000000 
 4.317843 	 4.000137 	 8.000228 	 4.000000 	 8.000000 
 4.315896 	 3.999813 	 7.999903 	 4.000000 	 8.000000 
 4.316221 	 3.999813 	 8.000228 	 4.000000 	 8.000000 
 4.317194 	 4.000137 	 8.000228 	 4.000000 	 8.000000 
 4.317519 	 3.999813 	 7.999903 	 4.000000 	 8.000000 
 4.318168 	 3.999164 	 8.000552 	 4.000000 	 8.000000 
