% Data acquired by the PCI6221 device on 25/11/2024 at 17:05
% Sample rate [Hz]: 1000.000000
%   acq_output  acq_input1  acq_input2 input1_calc input2_calc
data=[
 6.661876 	 3.999813 	 8.000228 	 4.000000 	 8.000000 
 5.066190 	 3.999813 	 8.000228 	 4.000000 	 8.000000 
 3.378357 	 3.999813 	 8.000228 	 4.000000 	 8.000000 
 2.541421 	 3.999813 	 8.000228 	 4.000000 	 8.000000 
 2.285376 	 3.999488 	 8.000552 	 4.000000 	 8.000000 
 2.406421 	 3.999813 	 8.000228 	 4.000000 	 8.000000 
 2.743272 	 3.999813 	 8.000552 	 4.000000 	 8.000000 
 3.175532 	 4.000137 	 8.000552 	 4.000000 	 8.000000 
 3.617203 	 4.000137 	 7.999903 	 4.000000 	 8.000000 
 4.005979 	 3.999813 	 8.000228 	 4.000000 	 8.000000 
 4.305511 	 3.999813 	 8.000228 	 4.000000 	 8.000000 
 4.497628 	 3.999488 	 7.999903 	 4.000000 	 8.000000 
 4.587845 	 3.999488 	 8.000228 	 4.000000 	 8.000000 
 4.595634 	 3.999813 	 8.000552 	 4.000000 	 8.000000 
 4.549551 	 3.999813 	 8.000552 	 4.000000 	 8.000000 
 4.477508 	 3.999813 	 8.000228 	 4.000000 	 8.000000 
 4.401894 	 3.999813 	 8.000552 	 4.000000 	 8.000000 
 4.340884 	 4.000137 	 8.000228 	 4.000000 	 8.000000 
 4.299995 	 3.999813 	 8.000228 	 4.000000 	 8.000000 
 4.275331 	 3.999813 	 7.999903 	 4.000000 	 8.000000 
 4.268516 	 4.000137 	 8.000228 	 4.000000 	 8.000000 
 4.272086 	 3.999813 	 8.000228 	 4.000000 	 8.000000 
 4.281821 	 3.999164 	 8.000228 	 4.000000 	 8.000000 
 4.296425 	 3.999813 	 8.000228 	 4.000000 	 8.000000 
 4.306809 	 3.999813 	 8.000552 	 4.000000 	 8.000000 
 4.317843 	 3.999813 	 8.000228 	 4.000000 	 8.000000 
 4.324334 	 3.999488 	 8.000228 	 4.000000 	 8.000000 
 4.325956 	 3.999813 	 8.000552 	 4.000000 	 8.000000 
 4.326605 	 3.999813 	 8.000552 	 4.000000 	 8.000000 
 4.325632 	 3.999488 	 8.000228 	 4.000000 	 8.000000 
 4.321088 	 3.999813 	 8.000228 	 4.000000 	 8.000000 
 4.320439 	 3.999813 	 8.000228 	 4.000000 	 8.000000 
 4.317519 	 3.999488 	 7.999903 	 4.000000 	 8.000000 
 4.316221 	 3.999488 	 8.000552 	 4.000000 	 8.000000 
 4.315896 	 3.999813 	 8.000228 	 4.000000 	 8.000000 
 4.313624 	 3.999813 	 8.000228 	 4.000000 	 8.000000 
 4.312326 	 3.999813 	 8.000552 	 4.000000 	 8.000000 
 4.315247 	 3.999488 	 7.999903 	 4.000000 	 8.000000 
 4.316545 	 3.999813 	 8.000552 	 4.000000 	 8.000000 
 4.318168 	 3.999813 	 7.999903 	 4.000000 	 8.000000 
 4.319141 	 3.999488 	 8.000228 	 4.000000 	 8.000000 
 4.318492 	 3.999813 	 8.000552 	 4.000000 	 8.000000 
 4.317519 	 3.999813 	 8.000228 	 4.000000 	 8.000000 
 4.316221 	 3.999813 	 8.000228 	 4.000000 	 8.000000 
 4.316221 	 3.999813 	 8.000552 	 4.000000 	 8.000000 
 4.314598 	 4.000137 	 8.000552 	 4.000000 	 8.000000 
 4.316221 	 3.999813 	 8.000228 	 4.000000 	 8.000000 
 4.318817 	 3.999813 	 8.000228 	 4.000000 	 8.000000 
 4.318168 	 4.000137 	 8.000228 	 4.000000 	 8.000000 
 4.319790 	 4.000137 	 7.999903 	 4.000000 	 8.000000 
 -2.322452 	 4.000137 	 -0.000203 	 4.000000 	 0.000000 
 -0.179986 	 3.999813 	 -0.000203 	 4.000000 	 0.000000 
 2.650460 	 3.999813 	 -0.000203 	 4.000000 	 0.000000 
 4.610886 	 3.999813 	 -0.000852 	 4.000000 	 0.000000 
 5.697063 	 3.999813 	 -0.000528 	 4.000000 	 0.000000 
 6.055987 	 4.000137 	 -0.000203 	 4.000000 	 0.000000 
 5.906057 	 3.999813 	 -0.000528 	 4.000000 	 0.000000 
 5.473791 	 4.000137 	 -0.000528 	 4.000000 	 0.000000 
 4.939627 	 3.999813 	 -0.000528 	 4.000000 	 0.000000 
 4.436618 	 3.999813 	 -0.000203 	 4.000000 	 0.000000 
 4.045246 	 3.999813 	 -0.000528 	 4.000000 	 0.000000 
 3.796663 	 3.999813 	 -0.000528 	 4.000000 	 0.000000 
 3.676915 	 3.999813 	 -0.000528 	 4.000000 	 0.000000 
 3.664908 	 3.999813 	 -0.000528 	 4.000000 	 0.000000 
 3.714884 	 4.000137 	 -0.000203 	 4.000000 	 0.000000 
 3.798610 	 3.999813 	 -0.000203 	 4.000000 	 0.000000 
 3.885906 	 3.999813 	 -0.000528 	 4.000000 	 0.000000 
 3.958923 	 4.000137 	 -0.000203 	 4.000000 	 0.000000 
 4.008575 	 3.999813 	 -0.000203 	 4.000000 	 0.000000 
 4.034536 	 4.000462 	 -0.000852 	 4.000000 	 0.000000 
 4.040378 	 3.999813 	 -0.000852 	 4.000000 	 0.000000 
 4.029669 	 3.999813 	 -0.000852 	 4.000000 	 0.000000 
 4.014416 	 3.999813 	 -0.000528 	 4.000000 	 0.000000 
 4.000462 	 3.999488 	 -0.000203 	 4.000000 	 0.000000 
 3.986832 	 3.999813 	 -0.000528 	 4.000000 	 0.000000 
 3.979043 	 4.000137 	 -0.000528 	 4.000000 	 0.000000 
 3.975798 	 3.999813 	 -0.000528 	 4.000000 	 0.000000 
 3.975474 	 3.999813 	 -0.000203 	 4.000000 	 0.000000 
 3.975149 	 3.999813 	 -0.000852 	 4.000000 	 0.000000 
 3.977421 	 3.999813 	 -0.000528 	 4.000000 	 0.000000 
 3.976123 	 3.999813 	 -0.000528 	 4.000000 	 0.000000 
 3.980666 	 3.999813 	 -0.000203 	 4.000000 	 0.000000 
 3.982938 	 3.999813 	 -0.000852 	 4.000000 	 0.000000 
 3.983262 	 4.000137 	 -0.000852 	 4.000000 	 0.000000 
 3.983911 	 4.000137 	 -0.000852 	 4.000000 	 0.000000 
 3.983911 	 3.999813 	 -0.000203 	 4.000000 	 0.000000 
 3.983911 	 3.999488 	 -0.000528 	 4.000000 	 0.000000 
 3.982938 	 3.999488 	 -0.000528 	 4.000000 	 0.000000 
 3.983587 	 3.999813 	 -0.000528 	 4.000000 	 0.000000 
 3.985209 	 3.999813 	 -0.000852 	 4.000000 	 0.000000 
 3.985534 	 3.999813 	 -0.000528 	 4.000000 	 0.000000 
 3.980991 	 4.000137 	 -0.000528 	 4.000000 	 0.000000 
 3.980017 	 3.999813 	 -0.000203 	 4.000000 	 0.000000 
 3.980666 	 3.999488 	 -0.000203 	 4.000000 	 0.000000 
 3.981315 	 4.000137 	 -0.000528 	 4.000000 	 0.000000 
 3.980341 	 3.999813 	 -0.000203 	 4.000000 	 0.000000 
 3.981315 	 3.999813 	 -0.000852 	 4.000000 	 0.000000 
 3.985209 	 4.000137 	 -0.000528 	 4.000000 	 0.000000 
 3.983587 	 4.000137 	 -0.000528 	 4.000000 	 0.000000 
 3.985209 	 3.999813 	 -0.000203 	 4.000000 	 0.000000 
 9.364883 	 3.999813 	 8.000552 	 4.000000 	 8.000000 
 8.478910 	 4.000137 	 8.000228 	 4.000000 	 8.000000 
 5.654551 	 3.999488 	 7.999903 	 4.000000 	 8.000000 
 3.696386 	 3.999813 	 8.000552 	 4.000000 	 8.000000 
 2.612166 	 4.000137 	 7.999903 	 4.000000 	 8.000000 
 2.256494 	 3.999488 	 8.000552 	 4.000000 	 8.000000 
 2.401878 	 4.000462 	 7.999903 	 4.000000 	 8.000000 
 2.832515 	 3.999813 	 8.000552 	 4.000000 	 8.000000 
 3.359859 	 3.999813 	 8.000228 	 4.000000 	 8.000000 
 3.853778 	 3.999813 	 8.000552 	 4.000000 	 8.000000 
 4.240932 	 3.999813 	 8.000228 	 4.000000 	 8.000000 
 4.490813 	 3.999813 	 8.000552 	 4.000000 	 8.000000 
 4.611860 	 3.999813 	 8.000552 	 4.000000 	 8.000000 
 4.628410 	 3.999813 	 8.000552 	 4.000000 	 8.000000 
 4.576811 	 3.999813 	 8.000228 	 4.000000 	 8.000000 
 4.497628 	 3.999813 	 8.000228 	 4.000000 	 8.000000 
 4.413577 	 4.000137 	 8.000552 	 4.000000 	 8.000000 
 4.345752 	 3.999813 	 8.000228 	 4.000000 	 8.000000 
 4.297074 	 3.999813 	 8.000552 	 4.000000 	 8.000000 
 4.272410 	 3.999813 	 8.000228 	 4.000000 	 8.000000 
 4.265920 	 3.999813 	 8.000228 	 4.000000 	 8.000000 
 4.268841 	 3.999813 	 8.000228 	 4.000000 	 8.000000 
 4.281172 	 3.999488 	 8.000228 	 4.000000 	 8.000000 
 4.294478 	 3.999813 	 8.000228 	 4.000000 	 8.000000 
 4.307783 	 3.999813 	 8.000552 	 4.000000 	 8.000000 
 4.318492 	 4.000137 	 7.999903 	 4.000000 	 8.000000 
 4.327579 	 3.999813 	 8.000228 	 4.000000 	 8.000000 
 4.327579 	 3.999813 	 8.000228 	 4.000000 	 8.000000 
 4.327579 	 3.999813 	 7.999903 	 4.000000 	 8.000000 
 4.326281 	 3.999813 	 8.000228 	 4.000000 	 8.000000 
 4.319141 	 4.000137 	 8.000552 	 4.000000 	 8.000000 
 4.318168 	 4.000137 	 8.000228 	 4.000000 	 8.000000 
 4.316221 	 3.999813 	 8.000552 	 4.000000 	 8.000000 
 4.314923 	 3.999813 	 8.000552 	 4.000000 	 8.000000 
 4.315247 	 3.999813 	 7.999903 	 4.000000 	 8.000000 
 4.315896 	 3.999488 	 8.000228 	 4.000000 	 8.000000 
 4.315247 	 3.999488 	 8.000228 	 4.000000 	 8.000000 
 4.316545 	 3.999813 	 7.999903 	 4.000000 	 8.000000 
