% Data acquired by the PCI6221 device on 25/11/2024 at 17:13
% Sample rate [Hz]: 1000.000000
%   acq_output  acq_input1  acq_input2 input1_calc input2_calc
data=[
 3.344282 	 3.999488 	 4.000137 	 4.000000 	 4.000000 
 2.871457 	 3.999813 	 4.079645 	 4.000000 	 4.080000 
 2.630339 	 3.999488 	 4.159801 	 4.000000 	 4.160000 
 2.771830 	 3.999488 	 4.239958 	 4.000000 	 4.240000 
 3.056109 	 3.999813 	 4.319790 	 4.000000 	 4.320000 
 3.351746 	 3.999488 	 4.399623 	 4.000000 	 4.400000 
 3.628561 	 4.000137 	 4.479779 	 4.000000 	 4.480000 
 3.833334 	 3.999488 	 4.559287 	 4.000000 	 4.560000 
 4.015390 	 4.000137 	 4.640093 	 4.000000 	 4.640000 
 4.153960 	 3.999813 	 4.719925 	 4.000000 	 4.720000 
 4.264297 	 3.999488 	 4.799433 	 4.000000 	 4.800000 
 4.320115 	 3.999813 	 4.879590 	 4.000000 	 4.880000 
 4.352891 	 4.000137 	 4.959747 	 4.000000 	 4.960000 
 4.347699 	 3.999813 	 5.039904 	 4.000000 	 5.040000 
 4.359382 	 3.999813 	 5.119737 	 4.000000 	 5.120000 
 4.302266 	 4.000137 	 5.199894 	 4.000000 	 5.200000 
 4.275006 	 4.000137 	 5.280375 	 4.000000 	 5.280000 
 4.248396 	 3.999488 	 5.360208 	 4.000000 	 5.360000 
 4.238011 	 3.999813 	 5.439716 	 4.000000 	 5.440000 
 4.222759 	 3.999813 	 5.519873 	 4.000000 	 5.520000 
 4.226977 	 3.999813 	 5.600031 	 4.000000 	 5.600000 
 4.229898 	 3.999813 	 5.680513 	 4.000000 	 5.680000 
 4.256184 	 4.000137 	 5.760021 	 4.000000 	 5.760000 
 4.250343 	 3.999813 	 5.839854 	 4.000000 	 5.840000 
 4.262026 	 3.999813 	 5.920336 	 4.000000 	 5.920000 
 4.266893 	 3.999813 	 6.000169 	 4.000000 	 6.000000 
 4.279874 	 4.000137 	 6.079677 	 4.000000 	 6.080000 
 4.275980 	 3.999813 	 6.160159 	 4.000000 	 6.160000 
 4.282146 	 3.999488 	 6.239992 	 4.000000 	 6.240000 
 4.281821 	 3.999813 	 6.320150 	 4.000000 	 6.320000 
 4.313949 	 3.999488 	 6.399659 	 4.000000 	 6.400000 
 4.286040 	 3.999813 	 6.479817 	 4.000000 	 6.480000 
 4.290583 	 3.999813 	 6.559974 	 4.000000 	 6.560000 
 4.290259 	 3.999813 	 6.640132 	 4.000000 	 6.640000 
 4.300319 	 3.999488 	 6.719966 	 4.000000 	 6.720000 
 4.299346 	 3.999813 	 6.799475 	 4.000000 	 6.800000 
 4.306809 	 4.000137 	 6.879957 	 4.000000 	 6.880000 
 4.308432 	 3.999813 	 6.960764 	 4.000000 	 6.960000 
 4.328552 	 3.999813 	 7.039949 	 4.000000 	 7.040000 
 4.312002 	 3.999813 	 7.120107 	 4.000000 	 7.120000 
 4.316221 	 3.999488 	 7.200265 	 4.000000 	 7.200000 
 4.316870 	 3.999164 	 7.279774 	 4.000000 	 7.280000 
 4.325956 	 3.999488 	 7.360257 	 4.000000 	 7.360000 
 4.329201 	 3.999813 	 7.439766 	 4.000000 	 7.440000 
 4.330824 	 3.999813 	 7.519600 	 4.000000 	 7.520000 
 4.363925 	 4.000137 	 7.600083 	 4.000000 	 7.600000 
 4.337314 	 3.999488 	 7.680242 	 4.000000 	 7.680000 
 4.341209 	 3.999813 	 7.760076 	 4.000000 	 7.760000 
 4.340560 	 3.999813 	 7.839910 	 4.000000 	 7.840000 
 4.352242 	 3.999488 	 7.920393 	 4.000000 	 7.920000 
 -2.291298 	 4.000137 	 -0.000528 	 4.000000 	 0.000000 
 -0.137150 	 3.999813 	 0.079303 	 4.000000 	 0.080000 
 2.715363 	 4.000137 	 0.159784 	 4.000000 	 0.160000 
 4.680658 	 4.000137 	 0.239290 	 4.000000 	 0.240000 
 5.777545 	 4.000137 	 0.319771 	 4.000000 	 0.320000 
 6.125760 	 3.999813 	 0.399602 	 4.000000 	 0.400000 
 5.974856 	 3.999813 	 0.479433 	 4.000000 	 0.480000 
 5.535451 	 3.999813 	 0.559265 	 4.000000 	 0.560000 
 5.013293 	 3.999813 	 0.639745 	 4.000000 	 0.640000 
 4.488541 	 3.999813 	 0.719901 	 4.000000 	 0.720000 
 4.103659 	 3.999813 	 0.799408 	 4.000000 	 0.800000 
 3.852805 	 3.999813 	 0.879564 	 4.000000 	 0.880000 
 3.749932 	 3.999813 	 0.959720 	 4.000000 	 0.960000 
 3.733381 	 4.000137 	 1.039875 	 4.000000 	 1.040000 
 3.795040 	 3.999813 	 1.119382 	 4.000000 	 1.120000 
 3.883310 	 3.999813 	 1.199214 	 4.000000 	 1.200000 
 4.003707 	 4.000137 	 1.279370 	 4.000000 	 1.280000 
 4.048166 	 3.999813 	 1.359850 	 4.000000 	 1.360000 
 4.102361 	 3.999813 	 1.439357 	 4.000000 	 1.440000 
 4.124429 	 3.999813 	 1.519513 	 4.000000 	 1.520000 
 4.142277 	 3.999813 	 1.599344 	 4.000000 	 1.600000 
 4.129621 	 4.000137 	 1.680149 	 4.000000 	 1.680000 
 4.125078 	 3.999813 	 1.759332 	 4.000000 	 1.760000 
 4.112097 	 4.000137 	 1.839812 	 4.000000 	 1.840000 
 4.119561 	 3.999488 	 1.919319 	 4.000000 	 1.920000 
 4.096520 	 3.999813 	 1.999475 	 4.000000 	 2.000000 
 4.098792 	 3.999813 	 2.078982 	 4.000000 	 2.080000 
 4.095222 	 3.999813 	 2.159463 	 4.000000 	 2.160000 
 4.107229 	 3.999813 	 2.239943 	 4.000000 	 2.240000 
 4.104633 	 3.999813 	 2.319775 	 4.000000 	 2.320000 
 4.112746 	 3.999813 	 2.399282 	 4.000000 	 2.400000 
 4.115342 	 3.999813 	 2.479114 	 4.000000 	 2.480000 
 4.152013 	 3.999813 	 2.559594 	 4.000000 	 2.560000 
 4.125078 	 3.999813 	 2.639750 	 4.000000 	 2.640000 
 4.133191 	 3.999813 	 2.719907 	 4.000000 	 2.720000 
 4.131893 	 3.999813 	 2.799738 	 4.000000 	 2.800000 
 4.144549 	 4.000137 	 2.879570 	 4.000000 	 2.880000 
 4.139357 	 3.999488 	 2.960051 	 4.000000 	 2.960000 
 4.145198 	 3.999813 	 3.039883 	 4.000000 	 3.040000 
 4.144224 	 3.999488 	 3.120039 	 4.000000 	 3.120000 
 4.163047 	 3.999813 	 3.199546 	 4.000000 	 3.200000 
 4.149417 	 4.000137 	 3.280027 	 4.000000 	 3.280000 
 4.155907 	 3.999813 	 3.360183 	 4.000000 	 3.360000 
 4.158179 	 4.000137 	 3.439691 	 4.000000 	 3.440000 
 4.171160 	 4.000137 	 3.519847 	 4.000000 	 3.520000 
 4.166616 	 3.999813 	 3.599679 	 4.000000 	 3.600000 
 4.174405 	 3.999813 	 3.679836 	 4.000000 	 3.680000 
 4.171484 	 3.999813 	 3.759668 	 4.000000 	 3.760000 
 4.202638 	 3.999488 	 3.839824 	 4.000000 	 3.840000 
 4.177650 	 3.999813 	 3.919656 	 4.000000 	 3.920000 
 4.181869 	 3.999813 	 4.000137 	 4.000000 	 4.000000 
 4.183167 	 4.000137 	 4.079969 	 4.000000 	 4.080000 
 4.195499 	 3.999813 	 4.159801 	 4.000000 	 4.160000 
 4.190306 	 4.000137 	 4.239634 	 4.000000 	 4.240000 
 4.197770 	 3.999813 	 4.320115 	 4.000000 	 4.320000 
 4.198744 	 4.000137 	 4.399298 	 4.000000 	 4.400000 
 4.218864 	 4.000137 	 4.479779 	 4.000000 	 4.480000 
 4.206208 	 3.999488 	 4.559612 	 4.000000 	 4.560000 
 4.211725 	 4.000137 	 4.640093 	 4.000000 	 4.640000 
 4.211400 	 3.999813 	 4.720250 	 4.000000 	 4.720000 
 4.221460 	 3.999164 	 4.799433 	 4.000000 	 4.800000 
 4.216593 	 4.000137 	 4.879915 	 4.000000 	 4.880000 
 4.223408 	 3.999813 	 4.959747 	 4.000000 	 4.960000 
 4.224706 	 3.999488 	 5.039904 	 4.000000 	 5.040000 
 4.259429 	 3.999813 	 5.119412 	 4.000000 	 5.120000 
 4.235415 	 4.000462 	 5.199894 	 4.000000 	 5.200000 
 4.240932 	 3.999488 	 5.279726 	 4.000000 	 5.280000 
 4.240283 	 4.000137 	 5.360208 	 4.000000 	 5.360000 
 4.247747 	 4.000137 	 5.440041 	 4.000000 	 5.440000 
 4.242879 	 3.999813 	 5.520198 	 4.000000 	 5.520000 
 4.250667 	 3.999488 	 5.600031 	 4.000000 	 5.600000 
 4.249694 	 3.999813 	 5.680188 	 4.000000 	 5.680000 
 4.272086 	 3.999813 	 5.760345 	 4.000000 	 5.760000 
 4.258780 	 3.999813 	 5.840503 	 4.000000 	 5.840000 
 4.266569 	 3.999813 	 5.920336 	 4.000000 	 5.920000 
 4.268191 	 3.999813 	 6.000169 	 4.000000 	 6.000000 
 4.275331 	 3.999813 	 6.079677 	 4.000000 	 6.080000 
 4.269490 	 4.000137 	 6.160484 	 4.000000 	 6.160000 
 4.277603 	 3.999813 	 6.240317 	 4.000000 	 6.240000 
 4.279225 	 3.999488 	 6.320799 	 4.000000 	 6.320000 
 4.309406 	 3.999813 	 6.399659 	 4.000000 	 6.400000 
 4.286040 	 3.999813 	 6.480141 	 4.000000 	 6.480000 
 4.291557 	 4.000137 	 6.560299 	 4.000000 	 6.560000 
 4.292206 	 3.999813 	 6.640457 	 4.000000 	 6.640000 
 4.303564 	 3.999813 	 6.719641 	 4.000000 	 6.720000 
 4.299670 	 3.999813 	 6.799799 	 4.000000 	 6.800000 
 4.308108 	 3.999813 	 6.879957 	 4.000000 	 6.880000 
 4.307134 	 3.999813 	 6.959791 	 4.000000 	 6.960000 
 4.326605 	 3.999813 	 7.039949 	 4.000000 	 7.040000 
