% Data acquired by the PCI6221 device on 25/11/2024 at 17:07
% Sample rate [Hz]: 1000.000000
%   acq_output  acq_input1  acq_input2 input1_calc input2_calc
data=[
 3.345905 	 3.999813 	 3.999813 	 4.000000 	 4.000000 
 2.807851 	 4.160126 	 4.000462 	 4.160000 	 4.000000 
 2.541097 	 4.319466 	 3.999813 	 4.320000 	 4.000000 
 2.739378 	 4.479455 	 3.999813 	 4.480000 	 4.000000 
 3.138536 	 4.639768 	 4.000137 	 4.640000 	 4.000000 
 3.593189 	 4.799758 	 4.000137 	 4.800000 	 4.000000 
 4.038431 	 4.959747 	 3.999813 	 4.960000 	 4.000000 
 4.449599 	 5.119737 	 4.000137 	 5.120000 	 4.000000 
 4.816957 	 5.280051 	 4.000137 	 5.280000 	 4.000000 
 5.138234 	 5.440690 	 3.999813 	 5.440000 	 4.000000 
 5.409536 	 5.600031 	 4.000137 	 5.600000 	 4.000000 
 5.632159 	 5.759696 	 3.999813 	 5.760000 	 4.000000 
 5.813892 	 5.920660 	 4.000137 	 5.920000 	 4.000000 
 5.961550 	 6.080002 	 4.000137 	 6.080000 	 4.000000 
 6.091685 	 6.239992 	 3.999813 	 6.240000 	 4.000000 
 6.212083 	 6.400632 	 3.999813 	 6.400000 	 4.000000 
 6.333780 	 6.559974 	 3.999813 	 6.560000 	 4.000000 
 6.466836 	 6.720290 	 3.999813 	 6.720000 	 4.000000 
 6.608653 	 6.880282 	 3.999813 	 6.880000 	 4.000000 
 6.758260 	 7.040273 	 3.999813 	 7.040000 	 4.000000 
 6.916304 	 7.199941 	 4.000137 	 7.200000 	 4.000000 
 7.079866 	 7.360257 	 4.000137 	 7.360000 	 4.000000 
 7.240831 	 7.519925 	 4.000137 	 7.520000 	 4.000000 
 7.407963 	 7.680242 	 4.000137 	 7.680000 	 4.000000 
 7.573148 	 7.839910 	 4.000137 	 7.840000 	 4.000000 
 7.738657 	 8.000228 	 4.000137 	 8.000000 	 4.000000 
 7.902544 	 7.839586 	 4.000462 	 7.840000 	 4.000000 
 8.015156 	 7.680242 	 4.000137 	 7.680000 	 4.000000 
 8.038847 	 7.519925 	 3.999813 	 7.520000 	 4.000000 
 7.970046 	 7.359608 	 3.999813 	 7.360000 	 4.000000 
 7.834393 	 7.199941 	 3.999813 	 7.200000 	 4.000000 
 7.662393 	 7.040273 	 4.000137 	 7.040000 	 4.000000 
 7.476114 	 6.879957 	 3.999488 	 6.880000 	 4.000000 
 7.285616 	 6.719966 	 3.999813 	 6.720000 	 4.000000 
 7.103231 	 6.559974 	 4.000137 	 6.560000 	 4.000000 
 6.931881 	 6.399983 	 3.999813 	 6.400000 	 4.000000 
 6.768969 	 6.239992 	 3.999813 	 6.240000 	 4.000000 
 6.607680 	 6.079677 	 3.999813 	 6.080000 	 4.000000 
 6.451583 	 5.920336 	 4.000137 	 5.920000 	 4.000000 
 6.298732 	 5.760345 	 3.999813 	 5.760000 	 4.000000 
 6.141012 	 5.600031 	 3.999813 	 5.600000 	 4.000000 
 5.983943 	 5.440365 	 4.000137 	 5.440000 	 4.000000 
 5.822330 	 5.280051 	 4.000462 	 5.280000 	 4.000000 
 5.660717 	 5.119737 	 3.999813 	 5.120000 	 4.000000 
 5.502349 	 4.959423 	 4.000137 	 4.960000 	 4.000000 
 5.341061 	 4.799758 	 4.000137 	 4.800000 	 4.000000 
 5.183343 	 4.640093 	 3.999813 	 4.640000 	 4.000000 
 5.026274 	 4.480104 	 3.999813 	 4.480000 	 4.000000 
 4.866609 	 4.319790 	 4.000137 	 4.320000 	 4.000000 
 4.707269 	 4.159801 	 4.000137 	 4.160000 	 4.000000 
 4.549551 	 3.999813 	 3.999813 	 4.000000 	 4.000000 
 4.386642 	 3.839824 	 3.999813 	 3.840000 	 4.000000 
 4.229249 	 3.680160 	 3.999813 	 3.680000 	 4.000000 
 4.066989 	 3.519523 	 4.000462 	 3.520000 	 4.000000 
 3.908298 	 3.359859 	 4.000137 	 3.360000 	 4.000000 
 3.748634 	 3.199546 	 4.000462 	 3.200000 	 4.000000 
 3.588645 	 3.039558 	 4.000137 	 3.040000 	 4.000000 
 3.430604 	 2.879895 	 4.000137 	 2.880000 	 4.000000 
 3.271590 	 2.719582 	 4.000137 	 2.720000 	 4.000000 
 3.112575 	 2.559919 	 4.000462 	 2.560000 	 4.000000 
 2.954209 	 2.399282 	 4.000462 	 2.400000 	 4.000000 
 2.794546 	 2.239619 	 3.999488 	 2.240000 	 4.000000 
 2.635207 	 2.078982 	 3.999813 	 2.080000 	 4.000000 
 2.472299 	 1.919319 	 4.000137 	 1.920000 	 4.000000 
 2.312960 	 1.759332 	 3.999813 	 1.760000 	 4.000000 
 2.153946 	 1.599020 	 3.999813 	 1.600000 	 4.000000 
 1.995256 	 1.439357 	 3.999813 	 1.440000 	 4.000000 
 1.836892 	 1.279694 	 4.000137 	 1.280000 	 4.000000 
 1.679825 	 1.119382 	 4.000137 	 1.120000 	 4.000000 
 1.519837 	 0.959720 	 3.999813 	 0.960000 	 4.000000 
 1.360824 	 0.799083 	 4.000137 	 0.800000 	 4.000000 
 1.200512 	 0.639745 	 4.000137 	 0.640000 	 4.000000 
 1.037604 	 0.479758 	 3.999813 	 0.480000 	 4.000000 
 0.881511 	 0.319122 	 3.999813 	 0.320000 	 4.000000 
 0.721199 	 0.159135 	 4.000137 	 0.160000 	 4.000000 
 0.560563 	 -0.000203 	 3.999813 	 0.000000 	 4.000000 
 0.403496 	 0.159784 	 3.999813 	 0.160000 	 4.000000 
 0.289591 	 0.319122 	 4.000137 	 0.320000 	 4.000000 
 0.268173 	 0.479109 	 3.999813 	 0.480000 	 4.000000 
 0.335023 	 0.639745 	 3.999813 	 0.640000 	 4.000000 
 0.465804 	 0.799732 	 3.999813 	 0.800000 	 4.000000 
 0.639745 	 0.959395 	 4.000137 	 0.960000 	 4.000000 
 0.826018 	 1.119058 	 3.999813 	 1.120000 	 4.000000 
 1.012616 	 1.280019 	 4.000137 	 1.280000 	 4.000000 
 1.192399 	 1.439681 	 3.999813 	 1.440000 	 4.000000 
 1.364718 	 1.599344 	 4.000137 	 1.600000 	 4.000000 
 1.530546 	 1.759656 	 4.000137 	 1.760000 	 4.000000 
 1.689236 	 1.919644 	 4.000137 	 1.920000 	 4.000000 
 1.847925 	 2.079631 	 3.999813 	 2.080000 	 4.000000 
 2.005641 	 2.239294 	 3.999813 	 2.240000 	 4.000000 
 2.162383 	 2.399607 	 3.999813 	 2.400000 	 4.000000 
 2.322047 	 2.559594 	 4.000137 	 2.560000 	 4.000000 
 2.477167 	 2.719582 	 3.999813 	 2.720000 	 4.000000 
 2.635207 	 2.880219 	 3.999813 	 2.880000 	 4.000000 
 2.794222 	 3.039558 	 3.999813 	 3.040000 	 4.000000 
 2.953885 	 3.199546 	 4.000137 	 3.200000 	 4.000000 
 3.115820 	 3.359859 	 4.000137 	 3.360000 	 4.000000 
 3.276782 	 3.519847 	 4.000137 	 3.520000 	 4.000000 
 3.435472 	 3.680160 	 4.000137 	 3.680000 	 4.000000 
 3.596109 	 3.839500 	 4.000137 	 3.840000 	 4.000000 
 3.754151 	 4.000137 	 4.000137 	 4.000000 	 4.000000 
 3.911543 	 4.159477 	 4.000137 	 4.160000 	 4.000000 
 4.069585 	 4.319141 	 3.999813 	 4.320000 	 4.000000 
 4.231196 	 4.479455 	 4.000137 	 4.480000 	 4.000000 
 4.389562 	 4.640093 	 3.999813 	 4.640000 	 4.000000 
 4.552472 	 4.799109 	 4.000137 	 4.800000 	 4.000000 
 4.709541 	 4.959747 	 3.999813 	 4.960000 	 4.000000 
 4.869205 	 5.120061 	 4.000137 	 5.120000 	 4.000000 
 5.029844 	 5.280051 	 3.999813 	 5.280000 	 4.000000 
 5.187562 	 5.440041 	 4.000137 	 5.440000 	 4.000000 
 5.348525 	 5.600031 	 3.999813 	 5.600000 	 4.000000 
 5.508840 	 5.760021 	 4.000137 	 5.760000 	 4.000000 
 5.665909 	 5.920336 	 3.999813 	 5.920000 	 4.000000 
 5.823303 	 6.080002 	 4.000462 	 6.080000 	 4.000000 
 5.984592 	 6.240317 	 4.000137 	 6.240000 	 4.000000 
 6.141986 	 6.399983 	 4.000137 	 6.400000 	 4.000000 
 6.302626 	 6.559974 	 4.000137 	 6.560000 	 4.000000 
 6.462617 	 6.719966 	 3.999813 	 6.720000 	 4.000000 
 6.625529 	 6.880282 	 3.999813 	 6.880000 	 4.000000 
 6.783248 	 7.039949 	 4.000137 	 7.040000 	 4.000000 
 6.943889 	 7.199941 	 4.000137 	 7.200000 	 4.000000 
 7.100960 	 7.359933 	 4.000137 	 7.360000 	 4.000000 
 7.257382 	 7.519925 	 4.000462 	 7.520000 	 4.000000 
 7.417699 	 7.679917 	 3.999488 	 7.680000 	 4.000000 
 7.576393 	 7.839910 	 3.999813 	 7.840000 	 4.000000 
 7.735087 	 8.000228 	 4.000137 	 8.000000 	 4.000000 
 7.899299 	 7.839910 	 3.999488 	 7.840000 	 4.000000 
 8.012884 	 7.680566 	 3.999813 	 7.680000 	 4.000000 
 8.035277 	 7.520249 	 4.000462 	 7.520000 	 4.000000 
 7.967126 	 7.359933 	 3.999813 	 7.360000 	 4.000000 
 7.831797 	 7.200265 	 4.000137 	 7.200000 	 4.000000 
 7.660446 	 7.039624 	 3.999813 	 7.040000 	 4.000000 
 7.473193 	 6.880606 	 4.000137 	 6.880000 	 4.000000 
 7.284967 	 6.719641 	 4.000137 	 6.720000 	 4.000000 
 7.107126 	 6.559650 	 4.000137 	 6.560000 	 4.000000 
 6.932206 	 6.400308 	 3.999813 	 6.400000 	 4.000000 
 6.768645 	 6.239668 	 3.999813 	 6.240000 	 4.000000 
 6.610276 	 6.080326 	 3.999813 	 6.080000 	 4.000000 
 6.452881 	 5.920336 	 3.999813 	 5.920000 	 4.000000 
