% Data acquired by the PCI6221 device on 25/11/2024 at 16:50
% Sample rate [Hz]: 1000.000000
%   acq_output  acq_input1  acq_input2 input1_calc input2_calc
data=[
 7.301842 	 3.999488 	 8.845955 	 4.000000 	 8.845629 
 3.687624 	 4.000137 	 6.605733 	 4.000000 	 6.605822 
 2.335027 	 3.999813 	 6.652789 	 4.000000 	 6.652519 
 0.394085 	 3.999813 	 4.671247 	 4.000000 	 4.670866 
 3.107383 	 3.999164 	 7.057798 	 4.000000 	 7.057746 
 0.546609 	 3.999813 	 3.491938 	 4.000000 	 3.491957 
 -0.523001 	 3.999813 	 0.947388 	 4.000000 	 0.948009 
 5.451075 	 4.000137 	 5.557843 	 4.000000 	 5.557633 
 3.711963 	 4.000137 	 2.674149 	 4.000000 	 2.674020 
 6.593076 	 4.000137 	 5.635404 	 4.000000 	 5.634868 
 7.053579 	 4.000137 	 6.504156 	 4.000000 	 6.504327 
 1.387434 	 3.999488 	 1.026895 	 4.000000 	 1.027484 
 7.662068 	 4.000137 	 7.988869 	 4.000000 	 7.988800 
 7.591646 	 4.000137 	 8.768392 	 4.000000 	 8.768156 
 4.782234 	 3.999813 	 7.537449 	 4.000000 	 7.537792 
 3.653225 	 3.999813 	 7.488121 	 4.000000 	 7.488249 
 -3.278484 	 4.000137 	 -0.339649 	 4.000000 	 -0.339137 
 1.940088 	 3.999813 	 3.438393 	 4.000000 	 3.438942 
 0.229230 	 4.000137 	 -0.931569 	 4.000000 	 -0.931564 
 6.839391 	 3.999488 	 4.519371 	 4.000000 	 4.520278 
 6.917927 	 4.000137 	 4.047842 	 4.000000 	 4.048056 
 2.793897 	 3.999813 	 -0.085876 	 4.000000 	 -0.085118 
 8.169632 	 3.999813 	 5.854782 	 4.000000 	 5.854788 
 4.599528 	 3.999813 	 2.606650 	 4.000000 	 2.606985 
 8.242976 	 3.999813 	 7.900922 	 4.000000 	 7.900888 
 6.882878 	 3.999813 	 8.136205 	 4.000000 	 8.135570 
 0.719252 	 4.000137 	 3.065520 	 4.000000 	 3.065690 
 5.669803 	 4.000137 	 8.889767 	 4.000000 	 8.889657 
 2.978548 	 3.999813 	 6.277962 	 4.000000 	 6.277626 
 -0.219253 	 3.999813 	 2.738404 	 4.000000 	 2.738562 
 5.601978 	 4.000462 	 8.133285 	 4.000000 	 8.133360 
 -0.596017 	 3.999813 	 0.406092 	 4.000000 	 0.406453 
 3.656146 	 3.999488 	 3.785629 	 4.000000 	 3.785893 
 5.924555 	 4.000137 	 4.952932 	 4.000000 	 4.952920 
 6.595997 	 3.999813 	 5.748014 	 4.000000 	 5.747929 
 4.103659 	 3.999813 	 3.571446 	 4.000000 	 3.571385 
 2.013754 	 3.999813 	 1.282939 	 4.000000 	 1.283238 
 3.708393 	 3.999813 	 2.428489 	 4.000000 	 2.429404 
 5.880744 	 3.999813 	 4.260078 	 4.000000 	 4.260127 
 7.642597 	 4.000137 	 6.719966 	 4.000000 	 6.719715 
 6.799475 	 4.000137 	 7.277827 	 4.000000 	 7.278002 
 0.094556 	 3.999813 	 1.089851 	 4.000000 	 1.090095 
 2.704654 	 3.999488 	 3.607143 	 4.000000 	 3.607494 
 7.170409 	 3.999813 	 7.921691 	 4.000000 	 7.921537 
 3.643489 	 3.999488 	 4.688447 	 4.000000 	 4.688222 
 5.738602 	 4.000137 	 7.630914 	 4.000000 	 7.630588 
 5.183992 	 3.999813 	 7.677970 	 4.000000 	 7.678122 
 3.567552 	 3.999813 	 6.711203 	 4.000000 	 6.711342 
 4.108203 	 3.999488 	 7.616959 	 4.000000 	 7.616721 
 -0.599912 	 4.000137 	 2.150376 	 4.000000 	 2.151314 
 -1.599750 	 3.999813 	 -0.708301 	 4.000000 	 -0.707857 
 1.665221 	 3.999813 	 -0.098532 	 4.000000 	 -0.097996 
 5.526688 	 3.999488 	 1.774909 	 4.000000 	 1.775023 
 7.639351 	 4.000137 	 3.320917 	 4.000000 	 3.320903 
 6.671287 	 3.999813 	 2.762094 	 4.000000 	 2.762051 
 9.002055 	 3.999813 	 6.562571 	 4.000000 	 6.562629 
 4.024476 	 4.000137 	 2.782539 	 4.000000 	 2.782505 
 4.635225 	 4.000137 	 4.672221 	 4.000000 	 4.671849 
 7.550431 	 4.000137 	 8.840113 	 4.000000 	 8.840259 
 -1.691589 	 4.000462 	 -0.339649 	 4.000000 	 -0.339707 
 2.391169 	 3.999813 	 3.610388 	 4.000000 	 3.610598 
 1.189154 	 3.999488 	 0.743266 	 4.000000 	 0.743968 
 5.403370 	 3.999813 	 4.287338 	 4.000000 	 4.287624 
 5.092801 	 3.999813 	 3.498104 	 4.000000 	 3.498674 
 4.878941 	 3.999813 	 3.482203 	 4.000000 	 3.482214 
 5.884638 	 4.000137 	 4.916261 	 4.000000 	 4.915772 
 5.192754 	 3.999813 	 4.818255 	 4.000000 	 4.818571 
 7.195073 	 3.999813 	 8.024243 	 4.000000 	 8.024359 
 5.614634 	 3.999813 	 7.753910 	 4.000000 	 7.753835 
 0.665382 	 3.999813 	 3.415027 	 4.000000 	 3.415470 
 2.334378 	 3.999813 	 4.933461 	 4.000000 	 4.933664 
 4.286689 	 3.999813 	 6.306520 	 4.000000 	 6.306525 
 2.049451 	 3.999488 	 3.416325 	 4.000000 	 3.416776 
 7.050009 	 3.999488 	 8.530185 	 4.000000 	 8.529804 
 -1.259980 	 4.000137 	 -0.962722 	 4.000000 	 -0.962712 
 2.930520 	 3.999813 	 2.404150 	 4.000000 	 2.404771 
 7.207729 	 3.999813 	 5.652928 	 4.000000 	 5.653270 
 1.812553 	 4.000137 	 -0.426619 	 4.000000 	 -0.426205 
 6.746577 	 3.999813 	 4.692341 	 4.000000 	 4.692832 
 3.092779 	 4.000462 	 0.490467 	 4.000000 	 0.490743 
 6.559325 	 3.999488 	 4.459659 	 4.000000 	 4.460022 
 9.151664 	 3.999813 	 8.148213 	 4.000000 	 8.148339 
 1.811579 	 4.000462 	 1.756736 	 4.000000 	 1.756647 
 1.326100 	 3.999488 	 1.616868 	 4.000000 	 1.617443 
 5.845695 	 3.999813 	 5.935264 	 4.000000 	 5.935199 
 5.153812 	 3.999813 	 5.439392 	 4.000000 	 5.439402 
 1.574681 	 3.999813 	 1.992985 	 4.000000 	 1.992879 
 1.682421 	 4.000462 	 1.497770 	 4.000000 	 1.498382 
 7.833095 	 3.999813 	 7.475140 	 4.000000 	 7.475146 
 5.885612 	 4.000137 	 5.931045 	 4.000000 	 5.930758 
 6.297109 	 3.999813 	 7.721457 	 4.000000 	 7.721410 
 2.077360 	 4.000137 	 4.029344 	 4.000000 	 4.028740 
 3.277106 	 4.000137 	 5.453346 	 4.000000 	 5.452802 
 4.300319 	 3.999488 	 6.279260 	 4.000000 	 6.279144 
 1.168384 	 3.999813 	 2.543693 	 4.000000 	 2.543910 
 2.663440 	 3.999813 	 3.263477 	 4.000000 	 3.263419 
 8.260825 	 3.999488 	 8.635009 	 4.000000 	 8.634743 
 0.244158 	 4.000137 	 -0.038496 	 4.000000 	 -0.038708 
 7.257382 	 3.999813 	 7.438793 	 4.000000 	 7.439186 
 3.469222 	 4.000137 	 3.133020 	 4.000000 	 3.133322 
 4.884133 	 4.000137 	 5.025625 	 4.000000 	 5.025645 
 3.876495 	 3.999813 	 3.864163 	 4.000000 	 3.864445 
 0.356441 	 3.999813 	 -0.308495 	 4.000000 	 -0.308509 
 4.216268 	 3.999813 	 2.719258 	 4.000000 	 2.719598 
 8.152107 	 4.000137 	 6.490201 	 4.000000 	 6.490161 
 5.764564 	 3.999813 	 4.856549 	 4.000000 	 4.856770 
 8.162492 	 3.999813 	 8.967979 	 4.000000 	 8.967391 
 -1.165546 	 3.999813 	 -0.191344 	 4.000000 	 -0.190966 
 5.654551 	 3.999813 	 7.197344 	 4.000000 	 7.197718 
 0.106238 	 4.000137 	 0.427511 	 4.000000 	 0.428302 
 5.915143 	 3.999813 	 6.276339 	 4.000000 	 6.276162 
 5.492289 	 3.999813 	 5.548756 	 4.000000 	 5.548231 
 3.212202 	 3.999813 	 3.558465 	 4.000000 	 3.558547 
 3.908298 	 3.999813 	 4.230872 	 4.000000 	 4.231296 
 6.565491 	 3.999813 	 7.129518 	 4.000000 	 7.129826 
 6.278935 	 3.999813 	 7.646491 	 4.000000 	 7.646031 
 -1.334619 	 4.000137 	 -0.120924 	 4.000000 	 -0.120470 
 5.757425 	 3.999813 	 6.915330 	 4.000000 	 6.915620 
 5.506893 	 4.000137 	 6.233502 	 4.000000 	 6.233245 
 0.204567 	 3.999813 	 0.620599 	 4.000000 	 0.620791 
 4.634252 	 3.999813 	 4.575513 	 4.000000 	 4.575809 
 5.357612 	 4.000137 	 4.715707 	 4.000000 	 4.715997 
 1.370559 	 3.999164 	 0.196779 	 4.000000 	 0.197415 
 4.949687 	 4.000137 	 3.396530 	 4.000000 	 3.396860 
 2.921109 	 3.999813 	 0.460936 	 4.000000 	 0.461257 
 4.991550 	 3.999813 	 2.287972 	 4.000000 	 2.288996 
 3.215123 	 3.999488 	 -0.068352 	 4.000000 	 -0.067937 
 5.862246 	 4.000137 	 2.583933 	 4.000000 	 2.584502 
 7.300544 	 4.000137 	 4.584600 	 4.000000 	 4.584888 
 9.434982 	 4.000137 	 8.789162 	 4.000000 	 8.789301 
 3.892396 	 3.999813 	 4.852979 	 4.000000 	 4.853593 
 -1.223634 	 3.999164 	 0.296081 	 4.000000 	 0.296440 
 1.337134 	 3.999813 	 2.045232 	 4.000000 	 2.045198 
 3.689571 	 3.999813 	 3.189486 	 4.000000 	 3.189404 
 9.093573 	 3.999813 	 8.924491 	 4.000000 	 8.924645 
 1.402037 	 3.999813 	 1.298516 	 4.000000 	 1.298554 
 3.390688 	 4.000137 	 3.610713 	 4.000000 	 3.610805 
 3.484150 	 3.999813 	 2.952911 	 4.000000 	 2.952800 
 1.395222 	 3.999813 	 0.000446 	 4.000000 	 0.001158 
