% Data acquired by the PCI6221 device on 25/11/2024 at 17:10
% Sample rate [Hz]: 1000.000000
%   acq_output  acq_input1  acq_input2 input1_calc input2_calc
data=[
 3.342659 	 3.999813 	 4.000137 	 4.000000 	 4.000000 
 2.941229 	 3.999488 	 4.159801 	 4.000000 	 4.160000 
 2.735484 	 4.000137 	 4.320115 	 4.000000 	 4.320000 
 2.915267 	 3.999813 	 4.479455 	 4.000000 	 4.480000 
 3.179426 	 3.999813 	 4.639768 	 4.000000 	 4.640000 
 3.465652 	 3.999813 	 4.799433 	 4.000000 	 4.800000 
 3.704175 	 3.999813 	 4.959747 	 4.000000 	 4.960000 
 3.932961 	 3.999488 	 5.119737 	 4.000000 	 5.120000 
 4.072505 	 3.999813 	 5.280051 	 4.000000 	 5.280000 
 4.210102 	 3.999488 	 5.439716 	 4.000000 	 5.440000 
 4.308108 	 3.999488 	 5.600031 	 4.000000 	 5.600000 
 4.389562 	 3.999813 	 5.759696 	 4.000000 	 5.760000 
 4.412928 	 3.999488 	 5.920011 	 4.000000 	 5.920000 
 4.425260 	 3.999813 	 6.080002 	 4.000000 	 6.080000 
 4.409034 	 3.999813 	 6.240317 	 4.000000 	 6.240000 
 4.414226 	 3.999488 	 6.399983 	 4.000000 	 6.400000 
 4.362303 	 3.999488 	 6.559974 	 4.000000 	 6.560000 
 4.343156 	 3.999813 	 6.719641 	 4.000000 	 6.720000 
 4.327579 	 3.999813 	 6.879633 	 4.000000 	 6.880000 
 4.335367 	 3.999813 	 7.039949 	 4.000000 	 7.040000 
 4.324983 	 4.000137 	 7.200265 	 4.000000 	 7.200000 
 4.342507 	 3.999813 	 7.359933 	 4.000000 	 7.360000 
 4.349322 	 3.999813 	 7.520249 	 4.000000 	 7.520000 
 4.389238 	 3.999488 	 7.680566 	 4.000000 	 7.680000 
 4.374634 	 3.999813 	 7.839910 	 4.000000 	 7.840000 
 4.387615 	 4.000137 	 7.999903 	 4.000000 	 8.000000 
 4.133515 	 3.999813 	 7.840235 	 4.000000 	 7.840000 
 3.963791 	 3.999488 	 7.680242 	 4.000000 	 7.680000 
 3.888178 	 3.999813 	 7.519925 	 4.000000 	 7.520000 
 3.931663 	 3.999488 	 7.360257 	 4.000000 	 7.360000 
 3.994945 	 4.000137 	 7.200265 	 4.000000 	 7.200000 
 4.079320 	 3.999164 	 7.039949 	 4.000000 	 7.040000 
 4.138383 	 3.999813 	 6.880282 	 4.000000 	 6.880000 
 4.201989 	 4.000137 	 6.719641 	 4.000000 	 6.720000 
 4.226977 	 3.999813 	 6.559974 	 4.000000 	 6.560000 
 4.236713 	 4.000137 	 6.399659 	 4.000000 	 6.400000 
 4.210751 	 3.999488 	 6.239992 	 4.000000 	 6.240000 
 4.209778 	 3.999813 	 6.079677 	 4.000000 	 6.080000 
 4.183167 	 3.999813 	 5.920336 	 4.000000 	 5.920000 
 4.166941 	 4.000137 	 5.759696 	 4.000000 	 5.760000 
 4.137410 	 3.999813 	 5.600031 	 4.000000 	 5.600000 
 4.138059 	 3.999813 	 5.440041 	 4.000000 	 5.440000 
 4.125727 	 3.999813 	 5.279726 	 4.000000 	 5.280000 
 4.122157 	 4.000137 	 5.119412 	 4.000000 	 5.120000 
 4.099441 	 4.000137 	 4.960072 	 4.000000 	 4.960000 
 4.112097 	 3.999488 	 4.799433 	 4.000000 	 4.800000 
 4.103335 	 3.999813 	 4.640093 	 4.000000 	 4.640000 
 4.102037 	 3.999813 	 4.479779 	 4.000000 	 4.480000 
 4.085486 	 3.999813 	 4.320115 	 4.000000 	 4.320000 
 4.090354 	 4.000137 	 4.160126 	 4.000000 	 4.160000 
 4.080943 	 3.999813 	 4.000137 	 4.000000 	 4.000000 
 4.077373 	 3.999813 	 3.840149 	 4.000000 	 3.840000 
 4.052385 	 4.000137 	 3.679836 	 4.000000 	 3.680000 
 4.062770 	 3.999488 	 3.519847 	 4.000000 	 3.520000 
 4.054981 	 4.000137 	 3.360183 	 4.000000 	 3.360000 
 4.052710 	 4.000137 	 3.199871 	 4.000000 	 3.200000 
 4.033563 	 4.000137 	 3.040207 	 4.000000 	 3.040000 
 4.037782 	 4.000137 	 2.879895 	 4.000000 	 2.880000 
 4.026099 	 3.999813 	 2.720231 	 4.000000 	 2.720000 
 4.020907 	 4.000137 	 2.559919 	 4.000000 	 2.560000 
 3.995269 	 4.000137 	 2.399607 	 4.000000 	 2.400000 
 4.008575 	 3.999813 	 2.239619 	 4.000000 	 2.240000 
 3.999813 	 3.999813 	 2.079631 	 4.000000 	 2.080000 
 3.999164 	 3.999813 	 1.919968 	 4.000000 	 1.920000 
 3.979043 	 4.000137 	 1.759656 	 4.000000 	 1.760000 
 3.986183 	 3.999813 	 1.599669 	 4.000000 	 1.600000 
 3.972878 	 3.999813 	 1.439357 	 4.000000 	 1.440000 
 3.965738 	 3.999488 	 1.279694 	 4.000000 	 1.280000 
 3.941074 	 3.999813 	 1.119382 	 4.000000 	 1.120000 
 3.954704 	 4.000137 	 0.960044 	 4.000000 	 0.960000 
 3.945618 	 4.000137 	 0.799083 	 4.000000 	 0.800000 
 3.944320 	 4.000137 	 0.639745 	 4.000000 	 0.640000 
 3.924524 	 4.000137 	 0.479433 	 4.000000 	 0.480000 
 3.931663 	 4.000137 	 0.320095 	 4.000000 	 0.320000 
 3.920630 	 3.999813 	 0.159135 	 4.000000 	 0.160000 
 3.916411 	 4.000137 	 -0.000528 	 4.000000 	 0.000000 
 4.166292 	 3.999813 	 0.160108 	 4.000000 	 0.160000 
 4.341533 	 3.999813 	 0.319771 	 4.000000 	 0.320000 
 4.392159 	 4.000137 	 0.479433 	 4.000000 	 0.480000 
 4.382098 	 3.999813 	 0.639421 	 4.000000 	 0.640000 
 4.297074 	 3.999488 	 0.799083 	 4.000000 	 0.800000 
 4.218864 	 3.999813 	 0.959395 	 4.000000 	 0.960000 
 4.145198 	 3.999813 	 1.119382 	 4.000000 	 1.120000 
 4.123780 	 3.999813 	 1.279694 	 4.000000 	 1.280000 
 4.069585 	 4.000137 	 1.439357 	 4.000000 	 1.440000 
 4.065366 	 3.999813 	 1.599669 	 4.000000 	 1.600000 
 4.073803 	 3.999813 	 1.759332 	 4.000000 	 1.760000 
 4.103659 	 3.999488 	 1.919319 	 4.000000 	 1.920000 
 4.109176 	 3.999488 	 2.079631 	 4.000000 	 2.080000 
 4.132866 	 4.000137 	 2.239619 	 4.000000 	 2.240000 
 4.147794 	 4.000137 	 2.399607 	 4.000000 	 2.400000 
 4.191605 	 4.000137 	 2.559594 	 4.000000 	 2.560000 
 4.173756 	 3.999813 	 2.719907 	 4.000000 	 2.720000 
 4.185114 	 3.999813 	 2.879895 	 4.000000 	 2.880000 
 4.185763 	 3.999488 	 3.039883 	 4.000000 	 3.040000 
 4.203612 	 3.999488 	 3.199871 	 4.000000 	 3.200000 
 4.190631 	 3.999488 	 3.359859 	 4.000000 	 3.360000 
 4.198744 	 3.999813 	 3.519847 	 4.000000 	 3.520000 
 4.201665 	 4.000137 	 3.680160 	 4.000000 	 3.680000 
 4.234117 	 3.999488 	 3.840149 	 4.000000 	 3.840000 
 4.215619 	 3.999813 	 4.000462 	 4.000000 	 4.000000 
 4.226328 	 3.999813 	 4.159801 	 4.000000 	 4.160000 
 4.229249 	 3.999813 	 4.319790 	 4.000000 	 4.320000 
 4.250343 	 3.999813 	 4.480104 	 4.000000 	 4.480000 
 4.242879 	 3.999813 	 4.640093 	 4.000000 	 4.640000 
 4.254237 	 3.999813 	 4.800082 	 4.000000 	 4.800000 
 4.255860 	 3.999813 	 4.959747 	 4.000000 	 4.960000 
 4.290259 	 3.999488 	 5.119737 	 4.000000 	 5.120000 
 4.269165 	 3.999813 	 5.280051 	 4.000000 	 5.280000 
 4.280523 	 3.999813 	 5.440041 	 4.000000 	 5.440000 
 4.281821 	 3.999488 	 5.600031 	 4.000000 	 5.600000 
 4.304213 	 3.999488 	 5.759372 	 4.000000 	 5.760000 
 4.298047 	 3.999813 	 5.920011 	 4.000000 	 5.920000 
 4.311028 	 3.999813 	 6.079677 	 4.000000 	 6.080000 
 4.311028 	 3.999813 	 6.239668 	 4.000000 	 6.240000 
 4.345428 	 3.999488 	 6.399334 	 4.000000 	 6.400000 
 4.324009 	 3.999488 	 6.559650 	 4.000000 	 6.560000 
 4.331798 	 3.999488 	 6.719966 	 4.000000 	 6.720000 
 4.336341 	 3.999813 	 6.879957 	 4.000000 	 6.880000 
 4.355812 	 3.999813 	 7.039949 	 4.000000 	 7.040000 
 4.350944 	 3.999813 	 7.199616 	 4.000000 	 7.200000 
 4.362952 	 3.999813 	 7.359933 	 4.000000 	 7.360000 
 4.365872 	 4.000137 	 7.519600 	 4.000000 	 7.520000 
 4.401570 	 3.999813 	 7.680242 	 4.000000 	 7.680000 
 4.378204 	 3.999488 	 7.840235 	 4.000000 	 7.840000 
 4.387291 	 3.999813 	 8.000228 	 4.000000 	 8.000000 
 4.128647 	 3.999813 	 7.839910 	 4.000000 	 7.840000 
 3.960221 	 3.999813 	 7.679917 	 4.000000 	 7.680000 
 3.885906 	 4.000137 	 7.519925 	 4.000000 	 7.520000 
 3.928094 	 3.999164 	 7.360257 	 4.000000 	 7.360000 
 3.994945 	 4.000462 	 7.199616 	 4.000000 	 7.200000 
 4.080294 	 3.999813 	 7.039949 	 4.000000 	 7.040000 
 4.142926 	 4.000137 	 6.880282 	 4.000000 	 6.880000 
 4.204585 	 4.000137 	 6.719641 	 4.000000 	 6.720000 
 4.230223 	 4.000137 	 6.560299 	 4.000000 	 6.560000 
 4.238985 	 4.000137 	 6.399983 	 4.000000 	 6.400000 
 4.211076 	 3.999488 	 6.239992 	 4.000000 	 6.240000 
 4.210102 	 3.999813 	 6.080002 	 4.000000 	 6.080000 
 4.185114 	 3.999813 	 5.920336 	 4.000000 	 5.920000 
