% Data acquired by the PCI6221 device on 25/11/2024 at 17:06
% Sample rate [Hz]: 1000.000000
%   acq_output  acq_input1  acq_input2 input1_calc input2_calc
data=[
 3.343957 	 8.000228 	 3.999813 	 8.000000 	 4.000000 
 3.381602 	 8.000552 	 4.000137 	 8.000000 	 4.000000 
 4.235090 	 8.000552 	 4.000786 	 8.000000 	 4.000000 
 5.492614 	 8.000552 	 3.999813 	 8.000000 	 4.000000 
 6.605733 	 8.000552 	 3.999813 	 8.000000 	 4.000000 
 7.390763 	 8.000552 	 4.000137 	 8.000000 	 4.000000 
 7.857435 	 8.000552 	 4.000137 	 8.000000 	 4.000000 
 8.093692 	 8.000228 	 3.999813 	 8.000000 	 4.000000 
 8.197542 	 8.000228 	 4.000137 	 8.000000 	 4.000000 
 8.239731 	 8.000228 	 4.000137 	 8.000000 	 4.000000 
 8.253036 	 8.000552 	 4.000137 	 8.000000 	 4.000000 
 8.256282 	 8.000228 	 3.999813 	 8.000000 	 4.000000 
 8.249466 	 8.000552 	 4.000137 	 8.000000 	 4.000000 
 8.232915 	 8.000552 	 3.999813 	 8.000000 	 4.000000 
 8.212145 	 8.000552 	 4.000137 	 8.000000 	 4.000000 
 8.185859 	 8.000552 	 4.000137 	 8.000000 	 4.000000 
 8.162492 	 8.000552 	 4.000137 	 8.000000 	 4.000000 
 8.138802 	 8.000228 	 4.000462 	 8.000000 	 4.000000 
 8.122575 	 8.000228 	 4.000137 	 8.000000 	 4.000000 
 8.113488 	 8.000228 	 4.000462 	 8.000000 	 4.000000 
 8.112839 	 7.999903 	 3.999813 	 8.000000 	 4.000000 
 8.113813 	 8.000552 	 4.000462 	 8.000000 	 4.000000 
 8.119979 	 8.000552 	 4.000137 	 8.000000 	 4.000000 
 8.126470 	 8.000228 	 3.999813 	 8.000000 	 4.000000 
 8.132960 	 8.000552 	 3.999813 	 8.000000 	 4.000000 
 8.136530 	 8.000552 	 3.999813 	 8.000000 	 4.000000 
 8.140424 	 8.000228 	 3.999813 	 8.000000 	 4.000000 
 8.141073 	 8.000228 	 3.999813 	 8.000000 	 4.000000 
 8.137179 	 8.000552 	 3.999813 	 8.000000 	 4.000000 
 8.136530 	 7.999578 	 3.999813 	 8.000000 	 4.000000 
 8.134583 	 8.000228 	 4.000462 	 8.000000 	 4.000000 
 8.134258 	 8.000552 	 3.999813 	 8.000000 	 4.000000 
 8.136855 	 8.000552 	 3.999488 	 8.000000 	 4.000000 
 8.135232 	 8.000552 	 4.000137 	 8.000000 	 4.000000 
 8.134907 	 8.000552 	 4.000137 	 8.000000 	 4.000000 
 8.135556 	 8.000552 	 4.000462 	 8.000000 	 4.000000 
 8.135232 	 8.000552 	 4.000137 	 8.000000 	 4.000000 
 8.136205 	 8.000228 	 4.000137 	 8.000000 	 4.000000 
 8.134258 	 8.000552 	 4.000137 	 8.000000 	 4.000000 
 8.135232 	 7.999903 	 4.000137 	 8.000000 	 4.000000 
 8.135232 	 8.000228 	 4.000137 	 8.000000 	 4.000000 
 8.134583 	 8.000552 	 3.999813 	 8.000000 	 4.000000 
 8.134258 	 8.000552 	 3.999488 	 8.000000 	 4.000000 
 8.133934 	 8.000552 	 4.000137 	 8.000000 	 4.000000 
 8.134907 	 8.000228 	 4.000137 	 8.000000 	 4.000000 
 8.138153 	 8.000228 	 4.000137 	 8.000000 	 4.000000 
 8.136205 	 8.000552 	 4.000137 	 8.000000 	 4.000000 
 8.135556 	 8.000552 	 4.000137 	 8.000000 	 4.000000 
 8.134258 	 8.000228 	 3.999813 	 8.000000 	 4.000000 
 8.132636 	 8.000228 	 4.000137 	 8.000000 	 4.000000 
 8.131662 	 -0.000203 	 4.000137 	 0.000000 	 4.000000 
 6.990296 	 -0.000203 	 3.999813 	 0.000000 	 4.000000 
 4.704997 	 -0.000203 	 4.000137 	 0.000000 	 4.000000 
 2.462239 	 -0.000528 	 4.000137 	 0.000000 	 4.000000 
 0.806547 	 -0.000203 	 4.000137 	 0.000000 	 4.000000 
 -0.147534 	 -0.000203 	 4.000137 	 0.000000 	 4.000000 
 -0.521054 	 -0.000852 	 4.000137 	 0.000000 	 4.000000 
 -0.528193 	 -0.000203 	 4.000137 	 0.000000 	 4.000000 
 -0.352954 	 -0.000203 	 4.000137 	 0.000000 	 4.000000 
 -0.139421 	 -0.000852 	 4.000137 	 0.000000 	 4.000000 
 0.040037 	 -0.000203 	 4.000137 	 0.000000 	 4.000000 
 0.160433 	 -0.000203 	 4.000137 	 0.000000 	 4.000000 
 0.215276 	 0.000121 	 4.000137 	 0.000000 	 4.000000 
 0.231502 	 -0.000528 	 4.000137 	 0.000000 	 4.000000 
 0.220793 	 -0.000203 	 3.999488 	 0.000000 	 4.000000 
 0.200997 	 -0.000203 	 3.999813 	 0.000000 	 4.000000 
 0.183473 	 -0.000203 	 4.000137 	 0.000000 	 4.000000 
 0.170168 	 -0.000528 	 4.000137 	 0.000000 	 4.000000 
 0.162704 	 -0.000528 	 3.999813 	 0.000000 	 4.000000 
 0.159135 	 -0.000203 	 4.000137 	 0.000000 	 4.000000 
 0.156863 	 -0.000528 	 3.999813 	 0.000000 	 4.000000 
 0.159784 	 0.000121 	 3.999813 	 0.000000 	 4.000000 
 0.160433 	 0.000121 	 4.000137 	 0.000000 	 4.000000 
 0.164651 	 -0.000203 	 4.000137 	 0.000000 	 4.000000 
 0.166599 	 -0.000203 	 4.000137 	 0.000000 	 4.000000 
 0.169195 	 -0.000203 	 3.999813 	 0.000000 	 4.000000 
 0.167572 	 -0.000203 	 3.999488 	 0.000000 	 4.000000 
 0.164976 	 -0.000528 	 4.000137 	 0.000000 	 4.000000 
 0.163029 	 -0.000528 	 4.000137 	 0.000000 	 4.000000 
 0.164002 	 -0.000528 	 4.000137 	 0.000000 	 4.000000 
 0.163029 	 -0.000528 	 4.000137 	 0.000000 	 4.000000 
 0.165300 	 -0.000203 	 4.000462 	 0.000000 	 4.000000 
 0.165950 	 -0.000528 	 3.999813 	 0.000000 	 4.000000 
 0.165625 	 -0.000203 	 4.000137 	 0.000000 	 4.000000 
 0.166923 	 -0.000528 	 3.999813 	 0.000000 	 4.000000 
 0.164651 	 -0.000203 	 3.999813 	 0.000000 	 4.000000 
 0.164327 	 -0.000528 	 3.999813 	 0.000000 	 4.000000 
 0.164976 	 -0.000852 	 3.999813 	 0.000000 	 4.000000 
 0.163678 	 -0.000203 	 4.000137 	 0.000000 	 4.000000 
 0.163029 	 -0.000203 	 4.000137 	 0.000000 	 4.000000 
 0.162380 	 -0.000528 	 3.999813 	 0.000000 	 4.000000 
 0.164651 	 -0.000528 	 3.999813 	 0.000000 	 4.000000 
 0.165300 	 0.000121 	 4.000137 	 0.000000 	 4.000000 
 0.164651 	 -0.000203 	 4.000137 	 0.000000 	 4.000000 
 0.166274 	 -0.000528 	 4.000137 	 0.000000 	 4.000000 
 0.166923 	 -0.000203 	 3.999813 	 0.000000 	 4.000000 
 0.166599 	 -0.000203 	 4.000137 	 0.000000 	 4.000000 
 0.166274 	 -0.000203 	 3.999813 	 0.000000 	 4.000000 
 0.165300 	 -0.000852 	 4.000137 	 0.000000 	 4.000000 
 0.162704 	 -0.000852 	 4.000137 	 0.000000 	 4.000000 
 0.164651 	 8.000228 	 4.000137 	 8.000000 	 4.000000 
 1.309225 	 8.000228 	 4.000137 	 8.000000 	 4.000000 
 3.593189 	 8.000228 	 3.999813 	 8.000000 	 4.000000 
 5.840827 	 8.000552 	 4.000137 	 8.000000 	 4.000000 
 7.497532 	 8.000228 	 4.000137 	 8.000000 	 4.000000 
 8.451000 	 8.000228 	 4.000137 	 8.000000 	 4.000000 
 8.825509 	 8.000552 	 4.000137 	 8.000000 	 4.000000 
 8.826483 	 8.000228 	 4.000137 	 8.000000 	 4.000000 
 8.651560 	 7.999903 	 3.999813 	 8.000000 	 4.000000 
 8.435422 	 7.999903 	 3.999813 	 8.000000 	 4.000000 
 8.255957 	 8.000228 	 3.999813 	 8.000000 	 4.000000 
 8.141073 	 8.000552 	 4.000137 	 8.000000 	 4.000000 
 8.082983 	 7.999903 	 4.000462 	 8.000000 	 4.000000 
 8.070326 	 8.000228 	 4.000137 	 8.000000 	 4.000000 
 8.080386 	 8.000228 	 3.999813 	 8.000000 	 4.000000 
 8.099209 	 8.000228 	 3.999813 	 8.000000 	 4.000000 
 8.117707 	 8.000228 	 3.999813 	 8.000000 	 4.000000 
 8.129715 	 7.999903 	 4.000137 	 8.000000 	 4.000000 
 8.140100 	 8.000552 	 4.000137 	 8.000000 	 4.000000 
 8.141398 	 8.000228 	 3.999813 	 8.000000 	 4.000000 
 8.140749 	 8.000552 	 3.999813 	 8.000000 	 4.000000 
 8.139126 	 8.000552 	 4.000137 	 8.000000 	 4.000000 
 8.136530 	 8.000228 	 4.000137 	 8.000000 	 4.000000 
 8.138477 	 8.000228 	 4.000137 	 8.000000 	 4.000000 
 8.136205 	 8.000228 	 4.000137 	 8.000000 	 4.000000 
 8.134907 	 8.000877 	 3.999813 	 8.000000 	 4.000000 
 8.137179 	 8.000552 	 3.999813 	 8.000000 	 4.000000 
 8.134907 	 8.000228 	 4.000137 	 8.000000 	 4.000000 
 8.132960 	 7.999903 	 3.999813 	 8.000000 	 4.000000 
 8.132960 	 8.000228 	 4.000137 	 8.000000 	 4.000000 
 8.131987 	 8.000552 	 4.000462 	 8.000000 	 4.000000 
 8.134583 	 8.000228 	 4.000137 	 8.000000 	 4.000000 
 8.135881 	 8.000552 	 3.999813 	 8.000000 	 4.000000 
 8.136855 	 7.999903 	 3.999813 	 8.000000 	 4.000000 
 8.137504 	 8.000228 	 4.000137 	 8.000000 	 4.000000 
 8.135556 	 8.000228 	 4.000137 	 8.000000 	 4.000000 
 8.134583 	 8.000552 	 4.000137 	 8.000000 	 4.000000 
 8.134258 	 7.999903 	 3.999813 	 8.000000 	 4.000000 
