% Data acquired by the PCI6221 device on 25/11/2024 at 16:46
% Sample rate [Hz]: 1000.000000
%   acq_output  acq_input1  acq_input2 input1_calc input2_calc
data=[
 -0.003124 	 -0.000203 	 0.000121 	 0.000000 	 0.000000 
 -0.003773 	 -0.000528 	 -0.000528 	 0.000000 	 0.000000 
 -0.003449 	 -0.000528 	 -0.000852 	 0.000000 	 0.000000 
 -0.003449 	 -0.000203 	 -0.000203 	 0.000000 	 0.000000 
 -0.003449 	 -0.000528 	 -0.000852 	 0.000000 	 0.000000 
 -0.002475 	 -0.000203 	 -0.000852 	 0.000000 	 0.000000 
 -0.000203 	 -0.000203 	 -0.000528 	 0.000000 	 0.000000 
 -0.000203 	 -0.000528 	 -0.000528 	 0.000000 	 0.000000 
 0.000770 	 -0.000203 	 -0.000528 	 0.000000 	 0.000000 
 -0.000203 	 -0.000203 	 -0.000203 	 0.000000 	 0.000000 
 -0.003449 	 -0.000203 	 -0.000528 	 0.000000 	 0.000000 
 -0.003449 	 -0.000852 	 -0.000528 	 0.000000 	 0.000000 
 -0.003124 	 -0.000528 	 -0.000203 	 0.000000 	 0.000000 
 -0.001826 	 0.000121 	 -0.000203 	 0.000000 	 0.000000 
 -0.002151 	 -0.000203 	 -0.000528 	 0.000000 	 0.000000 
 -0.001177 	 0.000121 	 -0.000528 	 0.000000 	 0.000000 
 -0.000203 	 -0.000203 	 -0.000528 	 0.000000 	 0.000000 
 -0.000852 	 -0.000528 	 -0.000852 	 0.000000 	 0.000000 
 -0.003449 	 -0.000203 	 -0.000203 	 0.000000 	 0.000000 
 -0.002800 	 -0.000528 	 -0.000852 	 0.000000 	 0.000000 
 -0.003449 	 -0.000852 	 -0.000852 	 0.000000 	 0.000000 
 -0.003124 	 -0.000203 	 -0.000528 	 0.000000 	 0.000000 
 -0.002800 	 -0.000528 	 -0.000528 	 0.000000 	 0.000000 
 -0.002800 	 -0.000203 	 -0.000203 	 0.000000 	 0.000000 
 -0.002475 	 0.000121 	 -0.000528 	 0.000000 	 0.000000 
 -0.000528 	 -0.000203 	 -0.000528 	 0.000000 	 0.000000 
 -0.002800 	 -0.000528 	 -0.000203 	 0.000000 	 0.000000 
 -0.001501 	 -0.000203 	 -0.000852 	 0.000000 	 0.000000 
 -0.000528 	 -0.000203 	 -0.000203 	 0.000000 	 0.000000 
 -0.002800 	 -0.000203 	 -0.000203 	 0.000000 	 0.000000 
 -0.001177 	 -0.000852 	 -0.000203 	 0.000000 	 0.000000 
 -0.002800 	 -0.000528 	 -0.000528 	 0.000000 	 0.000000 
 -0.002475 	 -0.000203 	 -0.000528 	 0.000000 	 0.000000 
 -0.003449 	 -0.000528 	 -0.000852 	 0.000000 	 0.000000 
 -0.002151 	 -0.000528 	 -0.000203 	 0.000000 	 0.000000 
 0.002393 	 -0.000528 	 -0.000852 	 0.000000 	 0.000000 
 -0.001177 	 -0.000203 	 -0.000528 	 0.000000 	 0.000000 
 -0.000852 	 -0.000528 	 -0.000203 	 0.000000 	 0.000000 
 -0.002151 	 -0.000528 	 -0.000528 	 0.000000 	 0.000000 
 -0.004422 	 -0.000203 	 0.000121 	 0.000000 	 0.000000 
 -0.003449 	 -0.000203 	 -0.000852 	 0.000000 	 0.000000 
 -0.004747 	 -0.000528 	 -0.000203 	 0.000000 	 0.000000 
 -0.003449 	 -0.000203 	 -0.000528 	 0.000000 	 0.000000 
 0.000121 	 -0.000203 	 -0.000528 	 0.000000 	 0.000000 
 -0.001826 	 -0.000528 	 -0.000528 	 0.000000 	 0.000000 
 -0.001177 	 -0.000203 	 -0.000852 	 0.000000 	 0.000000 
 -0.001501 	 -0.000528 	 -0.000203 	 0.000000 	 0.000000 
 -0.002800 	 -0.000203 	 -0.000528 	 0.000000 	 0.000000 
 -0.001501 	 -0.001177 	 -0.000528 	 0.000000 	 0.000000 
 -0.002475 	 -0.000528 	 -0.000203 	 0.000000 	 0.000000 
 -0.001826 	 -0.000528 	 -0.000528 	 0.000000 	 0.000000 
 -0.001501 	 -0.000528 	 -0.000528 	 0.000000 	 0.000000 
 -0.002475 	 -0.000203 	 -0.000528 	 0.000000 	 0.000000 
 -0.002151 	 -0.000203 	 -0.000528 	 0.000000 	 0.000000 
 -0.001501 	 0.000121 	 -0.000203 	 0.000000 	 0.000000 
 -0.001501 	 -0.000203 	 -0.000203 	 0.000000 	 0.000000 
 -0.001501 	 -0.000528 	 -0.000852 	 0.000000 	 0.000000 
 -0.001826 	 -0.000528 	 -0.000528 	 0.000000 	 0.000000 
 -0.000528 	 -0.000528 	 -0.000203 	 0.000000 	 0.000000 
 -0.002800 	 -0.000528 	 -0.000203 	 0.000000 	 0.000000 
 -0.004098 	 -0.000203 	 -0.000203 	 0.000000 	 0.000000 
 -0.005071 	 -0.000528 	 -0.000852 	 0.000000 	 0.000000 
 -0.002151 	 0.000121 	 -0.000528 	 0.000000 	 0.000000 
 -0.003773 	 -0.000528 	 -0.000528 	 0.000000 	 0.000000 
 -0.001501 	 0.000121 	 -0.000528 	 0.000000 	 0.000000 
 -0.001826 	 -0.000203 	 -0.000203 	 0.000000 	 0.000000 
 0.000121 	 -0.000528 	 -0.000852 	 0.000000 	 0.000000 
 -0.001177 	 -0.000528 	 -0.000203 	 0.000000 	 0.000000 
 -0.003449 	 -0.000203 	 -0.000203 	 0.000000 	 0.000000 
 -0.003449 	 -0.000528 	 -0.000203 	 0.000000 	 0.000000 
 -0.005396 	 -0.000528 	 -0.000203 	 0.000000 	 0.000000 
 -0.000852 	 -0.000203 	 -0.000528 	 0.000000 	 0.000000 
 -0.000203 	 -0.000852 	 -0.000203 	 0.000000 	 0.000000 
 -0.001177 	 0.000121 	 -0.000528 	 0.000000 	 0.000000 
 -0.001826 	 -0.000203 	 -0.000528 	 0.000000 	 0.000000 
 -0.001501 	 -0.000852 	 -0.000852 	 0.000000 	 0.000000 
 -0.001501 	 0.000121 	 -0.000528 	 0.000000 	 0.000000 
 -0.003124 	 -0.000528 	 -0.000528 	 0.000000 	 0.000000 
 -0.002800 	 -0.000528 	 -0.000528 	 0.000000 	 0.000000 
 -0.002475 	 -0.000203 	 -0.000528 	 0.000000 	 0.000000 
 -0.002800 	 -0.000528 	 -0.000852 	 0.000000 	 0.000000 
 -0.002475 	 -0.000528 	 -0.000852 	 0.000000 	 0.000000 
 -0.004098 	 -0.000528 	 -0.000528 	 0.000000 	 0.000000 
 -0.003773 	 -0.000203 	 -0.000528 	 0.000000 	 0.000000 
 -0.002151 	 0.000121 	 -0.000852 	 0.000000 	 0.000000 
 -0.000528 	 -0.000203 	 -0.000528 	 0.000000 	 0.000000 
 -0.000528 	 -0.000203 	 -0.000203 	 0.000000 	 0.000000 
 -0.000203 	 -0.000528 	 -0.000528 	 0.000000 	 0.000000 
 -0.001177 	 -0.000203 	 0.000121 	 0.000000 	 0.000000 
 -0.003773 	 -0.000852 	 -0.000203 	 0.000000 	 0.000000 
 -0.003449 	 -0.000203 	 -0.000528 	 0.000000 	 0.000000 
 -0.005720 	 -0.000203 	 0.000121 	 0.000000 	 0.000000 
 -0.001177 	 -0.000203 	 -0.000528 	 0.000000 	 0.000000 
 -0.000203 	 -0.000203 	 -0.000528 	 0.000000 	 0.000000 
 -0.000528 	 -0.000203 	 -0.000528 	 0.000000 	 0.000000 
 0.001095 	 -0.000203 	 -0.000852 	 0.000000 	 0.000000 
 -0.002800 	 -0.000203 	 -0.000203 	 0.000000 	 0.000000 
 -0.004098 	 -0.000528 	 -0.000203 	 0.000000 	 0.000000 
 -0.003773 	 -0.000528 	 -0.000852 	 0.000000 	 0.000000 
 -0.003449 	 0.000121 	 -0.000203 	 0.000000 	 0.000000 
 -0.003773 	 0.000121 	 -0.000203 	 0.000000 	 0.000000 
 -0.002151 	 0.000121 	 -0.000852 	 0.000000 	 0.000000 
 -0.001826 	 -0.000528 	 -0.000203 	 0.000000 	 0.000000 
 -0.004098 	 -0.000528 	 -0.000203 	 0.000000 	 0.000000 
 -0.002151 	 -0.000528 	 -0.000528 	 0.000000 	 0.000000 
 -0.002800 	 -0.000203 	 -0.000528 	 0.000000 	 0.000000 
 -0.000203 	 -0.000528 	 -0.000852 	 0.000000 	 0.000000 
 -0.001177 	 -0.000528 	 -0.000203 	 0.000000 	 0.000000 
 -0.003124 	 -0.000528 	 -0.000528 	 0.000000 	 0.000000 
 -0.001826 	 -0.000203 	 -0.000528 	 0.000000 	 0.000000 
 -0.004098 	 -0.000528 	 -0.000528 	 0.000000 	 0.000000 
 -0.003449 	 -0.000203 	 -0.000203 	 0.000000 	 0.000000 
 -0.003449 	 -0.000203 	 -0.000528 	 0.000000 	 0.000000 
 -0.002475 	 0.000121 	 -0.000528 	 0.000000 	 0.000000 
 0.000446 	 -0.000528 	 -0.000203 	 0.000000 	 0.000000 
 -0.001826 	 -0.000528 	 -0.000852 	 0.000000 	 0.000000 
 0.000446 	 -0.000528 	 -0.000528 	 0.000000 	 0.000000 
 -0.002475 	 0.000121 	 -0.000203 	 0.000000 	 0.000000 
 -0.004422 	 -0.000852 	 -0.000528 	 0.000000 	 0.000000 
 -0.003449 	 -0.000528 	 -0.000528 	 0.000000 	 0.000000 
 -0.005396 	 -0.000528 	 -0.000203 	 0.000000 	 0.000000 
 -0.003449 	 -0.000203 	 -0.000852 	 0.000000 	 0.000000 
 -0.001501 	 -0.000203 	 -0.000203 	 0.000000 	 0.000000 
 -0.001826 	 -0.000528 	 -0.000528 	 0.000000 	 0.000000 
 -0.001177 	 -0.000528 	 -0.000852 	 0.000000 	 0.000000 
 -0.002475 	 -0.000528 	 -0.000528 	 0.000000 	 0.000000 
 -0.003449 	 -0.000203 	 -0.000852 	 0.000000 	 0.000000 
 -0.002151 	 -0.000528 	 -0.000203 	 0.000000 	 0.000000 
 -0.002151 	 -0.000528 	 -0.000203 	 0.000000 	 0.000000 
 -0.002151 	 0.000121 	 0.000121 	 0.000000 	 0.000000 
 -0.001826 	 -0.000203 	 -0.000852 	 0.000000 	 0.000000 
 -0.002151 	 -0.000203 	 -0.000203 	 0.000000 	 0.000000 
 -0.004422 	 -0.000203 	 -0.000852 	 0.000000 	 0.000000 
