% Data acquired by the PCI6221 device on 25/11/2024 at 17:11
% Sample rate [Hz]: 1000.000000
%   acq_output  acq_input1  acq_input2 input1_calc input2_calc
data=[
 3.340712 	 3.999488 	 4.000137 	 4.000000 	 4.000000 
 2.810447 	 4.079645 	 3.999813 	 4.080000 	 4.000000 
 2.528440 	 4.160126 	 4.000137 	 4.160000 	 4.000000 
 2.694594 	 4.239309 	 3.999813 	 4.240000 	 4.000000 
 3.037286 	 4.319790 	 4.000137 	 4.320000 	 4.000000 
 3.418272 	 4.399623 	 4.000137 	 4.400000 	 4.000000 
 3.783033 	 4.479779 	 4.000137 	 4.480000 	 4.000000 
 4.106580 	 4.559287 	 4.000137 	 4.560000 	 4.000000 
 4.384370 	 4.640093 	 4.000137 	 4.640000 	 4.000000 
 4.620297 	 4.719601 	 4.000137 	 4.720000 	 4.000000 
 4.806248 	 4.799433 	 3.999813 	 4.800000 	 4.000000 
 4.947740 	 4.879915 	 3.999813 	 4.880000 	 4.000000 
 5.050289 	 4.960072 	 3.999813 	 4.960000 	 4.000000 
 5.123306 	 5.040229 	 3.999813 	 5.040000 	 4.000000 
 5.175879 	 5.119412 	 3.999813 	 5.120000 	 4.000000 
 5.216769 	 5.199569 	 4.000137 	 5.200000 	 4.000000 
 5.260904 	 5.279726 	 4.000137 	 5.280000 	 4.000000 
 5.310556 	 5.359884 	 3.999813 	 5.360000 	 4.000000 
 5.369619 	 5.440041 	 3.999813 	 5.440000 	 4.000000 
 5.439067 	 5.519873 	 3.999813 	 5.520000 	 4.000000 
 5.517277 	 5.600031 	 4.000137 	 5.600000 	 4.000000 
 5.602627 	 5.680188 	 4.000137 	 5.680000 	 4.000000 
 5.689599 	 5.760021 	 3.999813 	 5.760000 	 4.000000 
 5.778194 	 5.840178 	 4.000137 	 5.840000 	 4.000000 
 5.864193 	 5.920011 	 3.999813 	 5.920000 	 4.000000 
 5.948894 	 5.999844 	 3.999813 	 6.000000 	 4.000000 
 6.028402 	 6.079677 	 4.000137 	 6.080000 	 4.000000 
 6.108884 	 6.160159 	 3.999813 	 6.160000 	 4.000000 
 6.187419 	 6.240317 	 3.999813 	 6.240000 	 4.000000 
 6.264981 	 6.320475 	 4.000137 	 6.320000 	 4.000000 
 6.344490 	 6.399983 	 4.000137 	 6.400000 	 4.000000 
 6.422700 	 6.479817 	 3.999813 	 6.480000 	 4.000000 
 6.501884 	 6.560299 	 3.999813 	 6.560000 	 4.000000 
 6.580420 	 6.640132 	 4.000462 	 6.640000 	 4.000000 
 6.660253 	 6.719966 	 4.000137 	 6.720000 	 4.000000 
 6.741060 	 6.800124 	 4.000137 	 6.800000 	 4.000000 
 6.821542 	 6.880282 	 4.000137 	 6.880000 	 4.000000 
 6.901376 	 6.960115 	 3.999813 	 6.960000 	 4.000000 
 6.979911 	 7.040273 	 4.000137 	 7.040000 	 4.000000 
 7.058122 	 7.120107 	 4.000137 	 7.120000 	 4.000000 
 7.136658 	 7.199941 	 3.999813 	 7.200000 	 4.000000 
 7.218439 	 7.280423 	 4.000137 	 7.280000 	 4.000000 
 7.300220 	 7.359933 	 4.000137 	 7.360000 	 4.000000 
 7.381027 	 7.440416 	 3.999813 	 7.440000 	 4.000000 
 7.459238 	 7.520249 	 4.000137 	 7.520000 	 4.000000 
 7.540046 	 7.600732 	 3.999813 	 7.600000 	 4.000000 
 7.619555 	 7.680242 	 4.000137 	 7.680000 	 4.000000 
 7.695819 	 7.760400 	 4.000137 	 7.760000 	 4.000000 
 7.776951 	 7.840235 	 4.000137 	 7.840000 	 4.000000 
 7.856137 	 7.920393 	 3.999813 	 7.920000 	 4.000000 
 7.933699 	 0.000121 	 3.999813 	 0.000000 	 4.000000 
 6.871195 	 0.079628 	 4.000137 	 0.080000 	 4.000000 
 4.667677 	 0.160108 	 3.999813 	 0.160000 	 4.000000 
 2.502154 	 0.239290 	 4.000137 	 0.240000 	 4.000000 
 0.924996 	 0.319446 	 3.999813 	 0.320000 	 4.000000 
 0.051395 	 0.399602 	 4.000137 	 0.400000 	 4.000000 
 -0.244565 	 0.479758 	 4.000137 	 0.480000 	 4.000000 
 -0.168303 	 0.560238 	 4.000137 	 0.560000 	 4.000000 
 0.084171 	 0.639745 	 4.000137 	 0.640000 	 4.000000 
 0.379807 	 0.719576 	 4.000462 	 0.720000 	 4.000000 
 0.638447 	 0.799083 	 3.999813 	 0.800000 	 4.000000 
 0.835754 	 0.879239 	 4.000462 	 0.880000 	 4.000000 
 0.973349 	 0.959720 	 4.000462 	 0.960000 	 4.000000 
 1.068757 	 1.039551 	 3.999488 	 1.040000 	 4.000000 
 1.139827 	 1.119707 	 3.999813 	 1.120000 	 4.000000 
 1.199863 	 1.199214 	 3.999488 	 1.200000 	 4.000000 
 1.262495 	 1.279694 	 4.000137 	 1.280000 	 4.000000 
 1.326749 	 1.359850 	 3.999813 	 1.360000 	 4.000000 
 1.394898 	 1.439681 	 4.000462 	 1.440000 	 4.000000 
 1.473431 	 1.519837 	 4.000137 	 1.520000 	 4.000000 
 1.552289 	 1.599344 	 4.000137 	 1.600000 	 4.000000 
 1.635041 	 1.679500 	 4.000137 	 1.680000 	 4.000000 
 1.719416 	 1.759656 	 3.999813 	 1.760000 	 4.000000 
 1.800221 	 1.839812 	 4.000137 	 1.840000 	 4.000000 
 1.882649 	 1.919644 	 3.999813 	 1.920000 	 4.000000 
 1.960533 	 2.000124 	 3.999813 	 2.000000 	 4.000000 
 2.037768 	 2.079631 	 4.000137 	 2.080000 	 4.000000 
 2.117924 	 2.159138 	 3.999813 	 2.160000 	 4.000000 
 2.198405 	 2.239619 	 4.000137 	 2.240000 	 4.000000 
 2.274991 	 2.319775 	 3.999813 	 2.320000 	 4.000000 
 2.357744 	 2.399282 	 3.999813 	 2.400000 	 4.000000 
 2.436277 	 2.479438 	 4.000137 	 2.480000 	 4.000000 
 2.515784 	 2.559594 	 4.000137 	 2.560000 	 4.000000 
 2.597238 	 2.639426 	 3.999813 	 2.640000 	 4.000000 
 2.677070 	 2.719582 	 3.999813 	 2.720000 	 4.000000 
 2.757226 	 2.800063 	 3.999813 	 2.800000 	 4.000000 
 2.837058 	 2.879895 	 4.000137 	 2.880000 	 4.000000 
 2.917214 	 2.959726 	 4.000137 	 2.960000 	 4.000000 
 2.996072 	 3.039883 	 4.000137 	 3.040000 	 4.000000 
 3.073957 	 3.119714 	 3.999813 	 3.120000 	 4.000000 
 3.155412 	 3.199871 	 4.000137 	 3.200000 	 4.000000 
 3.232323 	 3.279703 	 3.999813 	 3.280000 	 4.000000 
 3.314426 	 3.359859 	 3.999813 	 3.360000 	 4.000000 
 3.396205 	 3.439366 	 3.999813 	 3.440000 	 4.000000 
 3.474090 	 3.519523 	 4.000137 	 3.520000 	 4.000000 
 3.554571 	 3.600004 	 4.000137 	 3.600000 	 4.000000 
 3.632780 	 3.680160 	 3.999813 	 3.680000 	 4.000000 
 3.710340 	 3.759668 	 4.000137 	 3.760000 	 4.000000 
 3.789523 	 3.839500 	 4.000137 	 3.840000 	 4.000000 
 3.869355 	 3.919656 	 4.000137 	 3.920000 	 4.000000 
 3.950486 	 3.999813 	 3.999813 	 4.000000 	 4.000000 
 4.034212 	 4.079969 	 3.999813 	 4.080000 	 4.000000 
 4.111772 	 4.160451 	 4.000137 	 4.160000 	 4.000000 
 4.191605 	 4.239634 	 3.999813 	 4.240000 	 4.000000 
 4.271112 	 4.319790 	 4.000137 	 4.320000 	 4.000000 
 4.350620 	 4.399623 	 3.999813 	 4.400000 	 4.000000 
 4.429154 	 4.479779 	 4.000137 	 4.480000 	 4.000000 
 4.509635 	 4.559612 	 4.000137 	 4.560000 	 4.000000 
 4.589143 	 4.639768 	 4.000137 	 4.640000 	 4.000000 
 4.670598 	 4.719925 	 4.000137 	 4.720000 	 4.000000 
 4.747510 	 4.799433 	 4.000137 	 4.800000 	 4.000000 
 4.827342 	 4.879915 	 4.000137 	 4.880000 	 4.000000 
 4.906850 	 4.959747 	 3.999813 	 4.960000 	 4.000000 
 4.989603 	 5.040229 	 3.999813 	 5.040000 	 4.000000 
 5.068462 	 5.119412 	 4.000137 	 5.120000 	 4.000000 
 5.148619 	 5.200218 	 3.999813 	 5.200000 	 4.000000 
 5.227154 	 5.280051 	 4.000137 	 5.280000 	 4.000000 
 5.306662 	 5.359884 	 4.000462 	 5.360000 	 4.000000 
 5.384223 	 5.440041 	 4.000137 	 5.440000 	 4.000000 
 5.464705 	 5.520198 	 4.000137 	 5.520000 	 4.000000 
 5.543888 	 5.600031 	 4.000137 	 5.600000 	 4.000000 
 5.625668 	 5.680513 	 3.999813 	 5.680000 	 4.000000 
 5.706475 	 5.759696 	 4.000137 	 5.760000 	 4.000000 
 5.785009 	 5.840178 	 3.999813 	 5.840000 	 4.000000 
 5.866789 	 5.920011 	 4.000137 	 5.920000 	 4.000000 
 5.945324 	 5.999844 	 4.000462 	 6.000000 	 4.000000 
 6.022885 	 6.079677 	 4.000462 	 6.080000 	 4.000000 
 6.102069 	 6.159835 	 4.000137 	 6.160000 	 4.000000 
 6.181903 	 6.239992 	 4.000137 	 6.240000 	 4.000000 
 6.262060 	 6.320475 	 4.000137 	 6.320000 	 4.000000 
 6.342542 	 6.399983 	 3.999813 	 6.400000 	 4.000000 
 6.422376 	 6.479817 	 4.000137 	 6.480000 	 4.000000 
 6.502533 	 6.559974 	 4.000137 	 6.560000 	 4.000000 
 6.582042 	 6.639808 	 4.000137 	 6.640000 	 4.000000 
 6.662525 	 6.719966 	 4.000137 	 6.720000 	 4.000000 
 6.741060 	 6.800124 	 4.000137 	 6.800000 	 4.000000 
 6.821218 	 6.880606 	 4.000137 	 6.880000 	 4.000000 
 6.900078 	 6.959791 	 4.000137 	 6.960000 	 4.000000 
 6.979262 	 7.040273 	 4.000137 	 7.040000 	 4.000000 
