% Data acquired by the PCI6221 device on 25/11/2024 at 16:49
% Sample rate [Hz]: 1000.000000
%   acq_output  acq_input1  acq_input2 input1_calc input2_calc
data=[
 -0.004098 	 0.939275 	 -0.000203 	 0.939771 	 0.000000 
 0.132200 	 6.502533 	 -0.000528 	 6.502480 	 0.000000 
 1.195968 	 -0.091068 	 -0.000852 	 -0.090695 	 0.000000 
 2.105917 	 4.982139 	 -0.000528 	 4.982423 	 0.000000 
 2.706277 	 3.830738 	 -0.000528 	 3.830238 	 0.000000 
 3.403669 	 8.316644 	 -0.000528 	 8.316315 	 0.000000 
 4.481726 	 4.638146 	 -0.000528 	 4.638146 	 0.000000 
 5.436796 	 7.676023 	 -0.000528 	 7.675809 	 0.000000 
 6.117647 	 8.610994 	 -0.000528 	 8.611450 	 0.000000 
 6.965632 	 5.266745 	 -0.000528 	 5.266781 	 0.000000 
 7.301193 	 0.832509 	 -0.000852 	 0.832615 	 0.000000 
 6.304573 	 1.032412 	 -0.000852 	 1.032665 	 0.000000 
 4.466149 	 7.925261 	 -0.000203 	 7.924968 	 0.000000 
 3.697035 	 7.741253 	 -0.000528 	 7.741115 	 0.000000 
 4.372687 	 4.353865 	 -0.000852 	 4.353872 	 0.000000 
 5.059375 	 4.990252 	 -0.000528 	 4.990464 	 0.000000 
 5.292707 	 5.557843 	 -0.000528 	 5.557800 	 0.000000 
 5.403370 	 0.095529 	 -0.000528 	 0.095960 	 0.000000 
 4.708892 	 6.759558 	 -0.000528 	 6.759557 	 0.000000 
 4.152337 	 -0.081657 	 -0.000203 	 -0.081524 	 0.000000 
 3.569823 	 -0.421103 	 -0.000852 	 -0.420709 	 0.000000 
 2.310039 	 -0.542148 	 -0.000528 	 -0.541389 	 0.000000 
 0.998013 	 4.127025 	 -0.000852 	 4.127167 	 0.000000 
 0.649156 	 5.117140 	 -0.000852 	 5.117412 	 0.000000 
 1.503936 	 4.853628 	 -0.000203 	 4.853473 	 0.000000 
 2.791301 	 0.569325 	 -0.000528 	 0.569681 	 0.000000 
 3.310207 	 -0.665140 	 -0.000528 	 -0.665001 	 0.000000 
 2.685508 	 6.116349 	 -0.000528 	 6.116503 	 0.000000 
 2.502154 	 -0.719659 	 -0.000203 	 -0.719231 	 0.000000 
 2.350929 	 7.603329 	 -0.000528 	 7.603472 	 0.000000 
 2.687779 	 3.289763 	 -0.000528 	 3.289668 	 0.000000 
 3.474739 	 2.744246 	 -0.000528 	 2.744215 	 0.000000 
 3.723321 	 3.321241 	 -0.000528 	 3.321376 	 0.000000 
 3.671723 	 -0.532737 	 -0.000528 	 -0.532877 	 0.000000 
 3.003212 	 3.891423 	 0.000121 	 3.891594 	 0.000000 
 2.417455 	 3.445532 	 -0.000203 	 3.445845 	 0.000000 
 2.443092 	 3.742468 	 -0.000203 	 3.742539 	 0.000000 
 2.749113 	 7.262574 	 -0.000528 	 7.262618 	 0.000000 
 3.647708 	 7.074673 	 -0.000528 	 7.074883 	 0.000000 
 4.958774 	 1.446821 	 -0.000203 	 1.447115 	 0.000000 
 5.313801 	 -0.564864 	 -0.000528 	 -0.564015 	 0.000000 
 4.212698 	 6.240966 	 -0.000203 	 6.240831 	 0.000000 
 3.439366 	 0.307764 	 -0.000203 	 0.307909 	 0.000000 
 2.932791 	 1.996555 	 -0.000528 	 1.996875 	 0.000000 
 2.263309 	 8.830702 	 -0.000528 	 8.830394 	 0.000000 
 2.848416 	 8.197217 	 -0.000528 	 8.196934 	 0.000000 
 4.550525 	 2.254547 	 -0.000528 	 2.254472 	 0.000000 
 5.435497 	 0.195156 	 -0.000203 	 0.195331 	 0.000000 
 4.747834 	 0.710165 	 -0.000528 	 0.710253 	 0.000000 
 3.337467 	 7.460861 	 -0.000203 	 7.461026 	 0.000000 
 2.956157 	 7.289510 	 -0.000528 	 7.289521 	 0.000000 
 3.891423 	 8.956620 	 -0.000528 	 8.956401 	 0.000000 
 5.432901 	 1.601940 	 -0.000852 	 1.602097 	 0.000000 
 6.006010 	 4.458685 	 -0.000203 	 4.458851 	 0.000000 
 5.564658 	 0.218846 	 -0.000528 	 0.219079 	 0.000000 
 4.461606 	 0.154916 	 -0.000528 	 0.155063 	 0.000000 
 2.845171 	 2.852635 	 -0.000528 	 2.852801 	 0.000000 
 1.772961 	 2.513513 	 -0.000528 	 2.514085 	 0.000000 
 1.484465 	 6.227336 	 -0.000203 	 6.227717 	 0.000000 
 2.137071 	 1.456556 	 -0.000528 	 1.456597 	 0.000000 
 2.801361 	 3.613633 	 -0.000528 	 3.613582 	 0.000000 
 3.082719 	 3.643165 	 -0.000528 	 3.643441 	 0.000000 
 3.354991 	 3.858646 	 -0.000203 	 3.858762 	 0.000000 
 3.585076 	 3.458513 	 -0.000528 	 3.458890 	 0.000000 
 3.703850 	 6.046576 	 -0.000528 	 6.046258 	 0.000000 
 4.063094 	 3.169690 	 -0.000528 	 3.169832 	 0.000000 
 4.320764 	 4.176028 	 -0.000528 	 4.176062 	 0.000000 
 4.292531 	 8.732369 	 -0.000203 	 8.732788 	 0.000000 
 4.894843 	 3.807048 	 -0.000528 	 3.807166 	 0.000000 
 5.446207 	 0.112080 	 -0.000528 	 0.112640 	 0.000000 
 4.762113 	 6.751445 	 -0.000528 	 6.751337 	 0.000000 
 4.198744 	 6.157563 	 -0.000852 	 6.157126 	 0.000000 
 4.487892 	 1.363420 	 -0.000203 	 1.364007 	 0.000000 
 4.360355 	 1.171954 	 -0.000852 	 1.172471 	 0.000000 
 3.506542 	 2.725748 	 -0.000528 	 2.725884 	 0.000000 
 2.725423 	 8.218961 	 -0.000203 	 8.218393 	 0.000000 
 3.133344 	 0.023811 	 -0.000528 	 0.024847 	 0.000000 
 3.445208 	 8.502925 	 -0.000203 	 8.503016 	 0.000000 
 3.934584 	 7.198318 	 -0.000203 	 7.198181 	 0.000000 
 5.132718 	 6.784871 	 -0.000528 	 6.784894 	 0.000000 
 6.168922 	 3.992349 	 -0.000528 	 3.992353 	 0.000000 
 6.411342 	 7.408612 	 -0.000852 	 7.409048 	 0.000000 
 6.396089 	 5.776247 	 -0.000203 	 5.776050 	 0.000000 
 6.407123 	 -0.448038 	 -0.000528 	 -0.448105 	 0.000000 
 5.354367 	 -0.731341 	 -0.000528 	 -0.731147 	 0.000000 
 3.336493 	 6.715098 	 -0.000528 	 6.714797 	 0.000000 
 2.397984 	 0.632281 	 -0.000203 	 0.632623 	 0.000000 
 2.174066 	 3.769079 	 -0.000203 	 3.769662 	 0.000000 
 2.123441 	 1.048962 	 -0.000528 	 1.049502 	 0.000000 
 2.124090 	 8.468525 	 -0.000203 	 8.468378 	 0.000000 
 2.909426 	 1.505883 	 -0.000528 	 1.506307 	 0.000000 
 3.697684 	 3.250820 	 -0.000528 	 3.250699 	 0.000000 
 3.760966 	 -0.007343 	 -0.000203 	 -0.007204 	 0.000000 
 3.197599 	 3.150219 	 -0.000852 	 3.150412 	 0.000000 
 2.558621 	 5.349823 	 -0.000852 	 5.349544 	 0.000000 
 2.716986 	 4.743615 	 -0.000528 	 4.744059 	 0.000000 
 3.370568 	 6.790063 	 -0.000528 	 6.790062 	 0.000000 
 4.317843 	 8.506495 	 -0.000528 	 8.505864 	 0.000000 
 5.638325 	 1.069082 	 -0.000528 	 1.069131 	 0.000000 
 5.927151 	 7.197344 	 -0.000203 	 7.197167 	 0.000000 
 5.701931 	 4.066015 	 -0.000528 	 4.065732 	 0.000000 
 5.522145 	 4.122482 	 -0.000528 	 4.122462 	 0.000000 
 5.068787 	 5.909627 	 -0.000528 	 5.909512 	 0.000000 
 4.861741 	 3.433525 	 -0.000528 	 3.433583 	 0.000000 
 4.670273 	 4.019608 	 -0.000203 	 4.019613 	 0.000000 
 4.344129 	 6.237072 	 -0.000528 	 6.237350 	 0.000000 
 4.418120 	 3.997217 	 -0.000203 	 3.996795 	 0.000000 
 4.589468 	 1.036630 	 -0.000203 	 1.037052 	 0.000000 
 4.092626 	 3.356289 	 -0.000528 	 3.356429 	 0.000000 
 3.407239 	 5.177177 	 -0.000203 	 5.176957 	 0.000000 
 3.322539 	 3.563333 	 -0.000528 	 3.563513 	 0.000000 
 3.520496 	 2.064703 	 -0.000852 	 2.064913 	 0.000000 
 3.408537 	 2.659222 	 -0.000528 	 2.659302 	 0.000000 
 3.094726 	 3.803153 	 -0.000852 	 3.803263 	 0.000000 
 2.994774 	 0.253245 	 -0.000203 	 0.253520 	 0.000000 
 2.641049 	 8.293603 	 -0.000203 	 8.293139 	 0.000000 
 3.009702 	 3.210255 	 -0.000528 	 3.210699 	 0.000000 
 3.798610 	 8.309180 	 -0.000203 	 8.309095 	 0.000000 
 4.745887 	 0.287644 	 0.000121 	 0.287806 	 0.000000 
 4.952932 	 -0.228015 	 -0.000852 	 -0.227436 	 0.000000 
 3.790822 	 1.354009 	 -0.000528 	 1.354555 	 0.000000 
 2.438224 	 6.487281 	 -0.000528 	 6.487005 	 0.000000 
 2.250003 	 3.263152 	 -0.000852 	 3.263538 	 0.000000 
 2.772479 	 7.826280 	 -0.000528 	 7.826638 	 0.000000 
 3.791471 	 5.755478 	 -0.000203 	 5.755465 	 0.000000 
 5.003882 	 3.685352 	 -0.000203 	 3.685217 	 0.000000 
 5.470546 	 2.493717 	 -0.000203 	 2.493979 	 0.000000 
 5.063270 	 2.029655 	 -0.000203 	 2.029976 	 0.000000 
 4.149092 	 6.405825 	 -0.000528 	 6.406434 	 0.000000 
 3.793093 	 7.246023 	 -0.000203 	 7.245405 	 0.000000 
 4.404490 	 4.090029 	 -0.000203 	 4.090524 	 0.000000 
 4.959747 	 4.994796 	 -0.000528 	 4.994937 	 0.000000 
 5.127525 	 -0.363987 	 -0.000203 	 -0.363703 	 0.000000 
 4.403192 	 -0.385730 	 -0.000528 	 -0.385457 	 0.000000 
 2.840628 	 -0.393194 	 -0.000528 	 -0.392466 	 0.000000 
 1.272879 	 3.065195 	 -0.000528 	 3.065732 	 0.000000 
