% Data acquired by the PCI6221 device on 25/11/2024 at 17:27
% Sample rate [Hz]: 1000.000000
%   acq_output  acq_input1  acq_input2 input1_calc input2_calc
data=[
 0.824396 	 0.998662 	 0.999311 	 1.000000 	 1.000000 
 0.829912 	 0.999311 	 1.159622 	 1.000000 	 1.160000 
 0.866258 	 0.999311 	 1.319610 	 1.000000 	 1.320000 
 0.899684 	 0.999635 	 1.479597 	 1.000000 	 1.480000 
 0.965561 	 0.999311 	 1.639585 	 1.000000 	 1.640000 
 1.011642 	 0.999960 	 1.799572 	 1.000000 	 1.800000 
 1.066161 	 0.999311 	 1.959235 	 1.000000 	 1.960000 
 1.084659 	 0.999635 	 2.119547 	 1.000000 	 2.120000 
 1.115164 	 0.999635 	 2.279535 	 1.000000 	 2.280000 
 1.139178 	 0.999311 	 2.439522 	 1.000000 	 2.440000 
 1.191425 	 0.999635 	 2.599186 	 1.000000 	 2.600000 
 1.182663 	 0.999311 	 2.760147 	 1.000000 	 2.760000 
 1.201810 	 0.999635 	 2.919486 	 1.000000 	 2.920000 
 1.211221 	 0.999635 	 3.079798 	 1.000000 	 3.080000 
 1.228745 	 0.999635 	 3.239462 	 1.000000 	 3.240000 
 1.219983 	 0.998986 	 3.399775 	 1.000000 	 3.400000 
 1.223877 	 0.999635 	 3.559763 	 1.000000 	 3.560000 
 1.224202 	 0.999635 	 3.719427 	 1.000000 	 3.720000 
 1.253084 	 0.999635 	 3.879740 	 1.000000 	 3.880000 
 1.227122 	 0.999311 	 4.039729 	 1.000000 	 4.040000 
 1.236858 	 0.999311 	 4.199718 	 1.000000 	 4.200000 
 1.239129 	 0.999311 	 4.360031 	 1.000000 	 4.360000 
 1.260548 	 0.998986 	 4.520020 	 1.000000 	 4.520000 
 1.253408 	 0.999635 	 4.679685 	 1.000000 	 4.680000 
 1.265091 	 0.998986 	 4.839998 	 1.000000 	 4.840000 
 1.268011 	 0.998986 	 4.999988 	 1.000000 	 5.000000 
 1.303384 	 0.999635 	 5.159977 	 1.000000 	 5.160000 
 1.283588 	 0.999311 	 5.319967 	 1.000000 	 5.320000 
 1.295920 	 0.999635 	 5.480282 	 1.000000 	 5.480000 
 1.297543 	 0.999311 	 5.640272 	 1.000000 	 5.640000 
 1.320259 	 0.999311 	 5.800262 	 1.000000 	 5.800000 
 1.308901 	 0.999311 	 5.959928 	 1.000000 	 5.960000 
 1.318961 	 0.999311 	 6.119918 	 1.000000 	 6.120000 
 1.320583 	 0.999311 	 6.279909 	 1.000000 	 6.280000 
 1.355631 	 0.999635 	 6.439900 	 1.000000 	 6.440000 
 1.336160 	 0.999635 	 6.599567 	 1.000000 	 6.600000 
 1.350114 	 0.999311 	 6.759882 	 1.000000 	 6.760000 
 1.350763 	 0.999311 	 6.919874 	 1.000000 	 6.920000 
 1.374453 	 0.999311 	 7.079541 	 1.000000 	 7.080000 
 1.364393 	 0.999311 	 7.239857 	 1.000000 	 7.240000 
 1.373480 	 0.999311 	 7.399850 	 1.000000 	 7.400000 
 1.376400 	 0.999311 	 7.559842 	 1.000000 	 7.560000 
 1.411773 	 0.999311 	 7.719834 	 1.000000 	 7.720000 
 1.389706 	 0.999635 	 7.880152 	 1.000000 	 7.880000 
 1.402362 	 0.999311 	 8.039820 	 1.000000 	 8.040000 
 1.403011 	 0.999311 	 8.199813 	 1.000000 	 8.200000 
 1.425727 	 0.999635 	 8.360456 	 1.000000 	 8.360000 
 1.418263 	 0.999311 	 8.520125 	 1.000000 	 8.520000 
 1.427350 	 0.999635 	 8.680443 	 1.000000 	 8.680000 
 1.431244 	 0.999311 	 8.840113 	 1.000000 	 8.840000 
 -7.861718 	 0.999960 	 -7.000749 	 1.000000 	 -7.000000 
 -8.007106 	 0.999311 	 -6.840758 	 1.000000 	 -6.840000 
 -2.674230 	 0.999311 	 -6.681416 	 1.000000 	 -6.680000 
 1.133337 	 0.999311 	 -6.520777 	 1.000000 	 -6.520000 
 3.388741 	 0.999635 	 -6.360786 	 1.000000 	 -6.360000 
 4.344454 	 0.999635 	 -6.200472 	 1.000000 	 -6.200000 
 4.279550 	 0.999635 	 -6.041131 	 1.000000 	 -6.040000 
 3.676590 	 0.999960 	 -5.880816 	 1.000000 	 -5.880000 
 2.816289 	 0.999960 	 -5.720826 	 1.000000 	 -5.720000 
 1.967348 	 0.999635 	 -5.560512 	 1.000000 	 -5.560000 
 1.228745 	 0.999311 	 -5.400198 	 1.000000 	 -5.400000 
 0.724120 	 0.999311 	 -5.240209 	 1.000000 	 -5.240000 
 0.436922 	 0.999635 	 -5.080544 	 1.000000 	 -5.080000 
 0.372343 	 0.999311 	 -4.920231 	 1.000000 	 -4.920000 
 0.384999 	 0.999635 	 -4.760242 	 1.000000 	 -4.760000 
 0.509289 	 0.999635 	 -4.600253 	 1.000000 	 -4.600000 
 0.646885 	 0.999311 	 -4.440264 	 1.000000 	 -4.440000 
 0.795189 	 0.999635 	 -4.280600 	 1.000000 	 -4.280000 
 0.883458 	 0.999635 	 -4.120287 	 1.000000 	 -4.120000 
 0.951607 	 0.999311 	 -3.960299 	 1.000000 	 -3.960000 
 0.981462 	 0.999635 	 -3.800311 	 1.000000 	 -3.800000 
 1.021053 	 0.999635 	 -3.640647 	 1.000000 	 -3.640000 
 0.985356 	 0.999635 	 -3.480335 	 1.000000 	 -3.480000 
 0.965561 	 0.999635 	 -3.320347 	 1.000000 	 -3.320000 
 0.965236 	 0.999635 	 -3.160359 	 1.000000 	 -3.160000 
 0.939924 	 0.999635 	 -3.000371 	 1.000000 	 -3.000000 
 0.939275 	 0.999311 	 -2.840708 	 1.000000 	 -2.840000 
 0.936030 	 0.999635 	 -2.680720 	 1.000000 	 -2.680000 
 0.970104 	 0.999635 	 -2.520733 	 1.000000 	 -2.520000 
 0.950958 	 0.999635 	 -2.360745 	 1.000000 	 -2.360000 
 0.964587 	 0.999311 	 -2.200758 	 1.000000 	 -2.200000 
 0.973998 	 0.999311 	 -2.040446 	 1.000000 	 -2.040000 
 0.993145 	 0.999311 	 -1.880458 	 1.000000 	 -1.880000 
 0.986330 	 0.999635 	 -1.720795 	 1.000000 	 -1.720000 
 0.998337 	 0.999311 	 -1.560808 	 1.000000 	 -1.560000 
 1.004827 	 0.999635 	 -1.400821 	 1.000000 	 -1.400000 
 1.038902 	 0.999311 	 -1.240509 	 1.000000 	 -1.240000 
 1.018457 	 0.999311 	 -1.080522 	 1.000000 	 -1.080000 
 1.029815 	 0.999311 	 -0.920859 	 1.000000 	 -0.920000 
 1.029815 	 0.999635 	 -0.760223 	 1.000000 	 -0.760000 
 1.047339 	 0.999635 	 -0.600236 	 1.000000 	 -0.600000 
 1.040200 	 0.999311 	 -0.440249 	 1.000000 	 -0.440000 
 1.049286 	 0.999635 	 -0.280586 	 1.000000 	 -0.280000 
 1.053181 	 0.999311 	 -0.120924 	 1.000000 	 -0.120000 
 1.090176 	 0.998986 	 0.039388 	 1.000000 	 0.040000 
 1.069082 	 0.999635 	 0.199699 	 1.000000 	 0.200000 
 1.081738 	 0.999635 	 0.359686 	 1.000000 	 0.360000 
 1.082387 	 0.999311 	 0.519674 	 1.000000 	 0.520000 
 1.103805 	 0.999635 	 0.679661 	 1.000000 	 0.680000 
 1.095692 	 0.999311 	 0.839648 	 1.000000 	 0.840000 
 1.107375 	 0.998986 	 0.999635 	 1.000000 	 1.000000 
 1.108673 	 0.999635 	 1.159947 	 1.000000 	 1.160000 
 1.142748 	 0.999311 	 1.319610 	 1.000000 	 1.320000 
 1.121654 	 0.999635 	 1.479273 	 1.000000 	 1.480000 
 1.132363 	 0.999311 	 1.639585 	 1.000000 	 1.640000 
 1.133337 	 0.999311 	 1.799572 	 1.000000 	 1.800000 
 1.157675 	 0.999635 	 1.959559 	 1.000000 	 1.960000 
 1.150211 	 0.999960 	 2.119547 	 1.000000 	 2.120000 
 1.162543 	 0.999635 	 2.279210 	 1.000000 	 2.280000 
 1.164166 	 0.999311 	 2.439522 	 1.000000 	 2.440000 
 1.197267 	 0.999635 	 2.599510 	 1.000000 	 2.600000 
 1.172603 	 0.998986 	 2.759823 	 1.000000 	 2.760000 
 1.183637 	 0.999635 	 2.919810 	 1.000000 	 2.920000 
 1.185584 	 0.999635 	 3.080123 	 1.000000 	 3.080000 
 1.210247 	 0.999311 	 3.239462 	 1.000000 	 3.240000 
 1.204730 	 0.999311 	 3.399775 	 1.000000 	 3.400000 
 1.214141 	 0.999635 	 3.559763 	 1.000000 	 3.560000 
 1.219658 	 0.999635 	 3.720076 	 1.000000 	 3.720000 
 1.250812 	 0.999635 	 3.880065 	 1.000000 	 3.880000 
 1.229718 	 0.999635 	 4.040053 	 1.000000 	 4.040000 
 1.241076 	 0.999311 	 4.200042 	 1.000000 	 4.200000 
 1.242375 	 0.999635 	 4.359706 	 1.000000 	 4.360000 
 1.262819 	 0.999311 	 4.520020 	 1.000000 	 4.520000 
 1.256004 	 0.999311 	 4.679685 	 1.000000 	 4.680000 
 1.268336 	 0.998986 	 4.839674 	 1.000000 	 4.840000 
 1.269309 	 0.999311 	 4.999663 	 1.000000 	 5.000000 
 1.304357 	 0.999311 	 5.159977 	 1.000000 	 5.160000 
 1.283588 	 0.998986 	 5.319643 	 1.000000 	 5.320000 
 1.293648 	 0.999635 	 5.480282 	 1.000000 	 5.480000 
 1.296569 	 0.999311 	 5.639947 	 1.000000 	 5.640000 
 1.315391 	 0.999311 	 5.799937 	 1.000000 	 5.800000 
 1.309225 	 0.998986 	 5.959928 	 1.000000 	 5.960000 
 1.318961 	 0.999311 	 6.119594 	 1.000000 	 6.120000 
 1.320583 	 0.999635 	 6.279909 	 1.000000 	 6.280000 
 1.354333 	 0.999311 	 6.439900 	 1.000000 	 6.440000 
 1.338107 	 0.999635 	 6.599891 	 1.000000 	 6.600000 
 1.347843 	 0.999635 	 6.759882 	 1.000000 	 6.760000 
 1.352062 	 0.999960 	 6.919874 	 1.000000 	 6.920000 
