% Data acquired by the PCI6221 device on 25/11/2024 at 17:24
% Sample rate [Hz]: 1000.000000
%   acq_output  acq_input1  acq_input2 input1_calc input2_calc
data=[
 7.433925 	 0.999311 	 9.000108 	 1.000000 	 9.000000 
 5.211252 	 0.999635 	 9.000432 	 1.000000 	 9.000000 
 2.324643 	 0.999635 	 9.000432 	 1.000000 	 9.000000 
 0.408689 	 0.999311 	 9.000757 	 1.000000 	 9.000000 
 -0.220551 	 0.999635 	 9.000108 	 1.000000 	 9.000000 
 -0.145263 	 0.999311 	 9.000432 	 1.000000 	 9.000000 
 -0.093015 	 0.999635 	 9.000108 	 1.000000 	 9.000000 
 -0.059266 	 0.999311 	 9.000108 	 1.000000 	 9.000000 
 0.074436 	 0.998986 	 9.000757 	 1.000000 	 9.000000 
 0.423941 	 0.999311 	 9.000108 	 1.000000 	 9.000000 
 0.807845 	 0.999311 	 9.000108 	 1.000000 	 9.000000 
 1.143072 	 0.999635 	 9.000432 	 1.000000 	 9.000000 
 1.391004 	 0.999635 	 9.000108 	 1.000000 	 9.000000 
 1.538659 	 0.999635 	 9.000432 	 1.000000 	 9.000000 
 1.597073 	 0.999635 	 9.000432 	 1.000000 	 9.000000 
 1.590582 	 0.999635 	 9.000108 	 1.000000 	 9.000000 
 1.544176 	 0.999635 	 9.000108 	 1.000000 	 9.000000 
 1.482518 	 0.999311 	 9.000432 	 1.000000 	 9.000000 
 1.423456 	 0.999635 	 9.000432 	 1.000000 	 9.000000 
 1.377374 	 0.999311 	 9.000432 	 1.000000 	 9.000000 
 1.346545 	 0.998986 	 9.000432 	 1.000000 	 9.000000 
 1.330319 	 0.998986 	 9.000108 	 1.000000 	 9.000000 
 1.328047 	 0.999311 	 9.000432 	 1.000000 	 9.000000 
 1.335187 	 0.999311 	 9.000108 	 1.000000 	 9.000000 
 1.347194 	 0.999311 	 9.000108 	 1.000000 	 9.000000 
 1.359525 	 0.999635 	 9.000108 	 1.000000 	 9.000000 
 1.369586 	 0.999635 	 9.000432 	 1.000000 	 9.000000 
 1.375102 	 0.999311 	 9.000108 	 1.000000 	 9.000000 
 1.377698 	 0.999311 	 9.000108 	 1.000000 	 9.000000 
 1.374778 	 0.999311 	 9.000108 	 1.000000 	 9.000000 
 1.373804 	 0.999635 	 9.000757 	 1.000000 	 9.000000 
 1.371857 	 0.999311 	 8.999783 	 1.000000 	 9.000000 
 1.372182 	 0.999311 	 9.000432 	 1.000000 	 9.000000 
 1.370559 	 0.999311 	 9.000108 	 1.000000 	 9.000000 
 1.370884 	 0.999635 	 9.000108 	 1.000000 	 9.000000 
 1.369586 	 0.999311 	 9.000432 	 1.000000 	 9.000000 
 1.369910 	 0.999311 	 9.000432 	 1.000000 	 9.000000 
 1.368936 	 0.999635 	 9.000108 	 1.000000 	 9.000000 
 1.369586 	 0.998986 	 9.000108 	 1.000000 	 9.000000 
 1.368936 	 0.999635 	 9.000108 	 1.000000 	 9.000000 
 1.368612 	 0.999311 	 9.000432 	 1.000000 	 9.000000 
 1.368612 	 0.999635 	 9.000108 	 1.000000 	 9.000000 
 1.367963 	 0.999311 	 9.000108 	 1.000000 	 9.000000 
 1.368287 	 0.998986 	 9.000432 	 1.000000 	 9.000000 
 1.368612 	 0.999311 	 9.000108 	 1.000000 	 9.000000 
 1.369910 	 0.999635 	 9.000108 	 1.000000 	 9.000000 
 1.373480 	 0.999635 	 9.000108 	 1.000000 	 9.000000 
 1.373155 	 0.999311 	 9.000432 	 1.000000 	 9.000000 
 1.372506 	 0.999635 	 9.000108 	 1.000000 	 9.000000 
 1.371208 	 0.999311 	 9.000432 	 1.000000 	 9.000000 
 -7.860420 	 0.999635 	 -7.000749 	 1.000000 	 -7.000000 
 -8.001265 	 0.999311 	 -7.000749 	 1.000000 	 -7.000000 
 -2.797871 	 0.999635 	 -7.000749 	 1.000000 	 -7.000000 
 0.976594 	 0.999635 	 -7.000749 	 1.000000 	 -7.000000 
 3.224859 	 0.999635 	 -7.000749 	 1.000000 	 -7.000000 
 4.153960 	 0.999635 	 -7.000749 	 1.000000 	 -7.000000 
 4.125727 	 0.999960 	 -7.000749 	 1.000000 	 -7.000000 
 3.527311 	 0.999311 	 -7.000749 	 1.000000 	 -7.000000 
 2.681938 	 0.999635 	 -7.000749 	 1.000000 	 -7.000000 
 1.830077 	 0.999311 	 -7.001074 	 1.000000 	 -7.000000 
 1.109322 	 0.999635 	 -7.000424 	 1.000000 	 -7.000000 
 0.600478 	 0.999635 	 -7.000749 	 1.000000 	 -7.000000 
 0.308413 	 0.999635 	 -7.000749 	 1.000000 	 -7.000000 
 0.204243 	 0.999635 	 -7.000424 	 1.000000 	 -7.000000 
 0.235072 	 0.999311 	 -7.000749 	 1.000000 	 -7.000000 
 0.342487 	 0.999635 	 -7.000749 	 1.000000 	 -7.000000 
 0.474566 	 0.999960 	 -7.000749 	 1.000000 	 -7.000000 
 0.601128 	 0.999311 	 -7.000749 	 1.000000 	 -7.000000 
 0.694913 	 0.999635 	 -7.000749 	 1.000000 	 -7.000000 
 0.754300 	 0.999311 	 -7.000749 	 1.000000 	 -7.000000 
 0.780910 	 0.999311 	 -7.001074 	 1.000000 	 -7.000000 
 0.779937 	 0.999635 	 -7.000749 	 1.000000 	 -7.000000 
 0.764360 	 0.999635 	 -7.000749 	 1.000000 	 -7.000000 
 0.743591 	 0.999635 	 -7.000749 	 1.000000 	 -7.000000 
 0.724444 	 0.999635 	 -7.001074 	 1.000000 	 -7.000000 
 0.709841 	 0.999635 	 -7.000749 	 1.000000 	 -7.000000 
 0.696536 	 0.999635 	 -7.001074 	 1.000000 	 -7.000000 
 0.691019 	 0.999635 	 -7.001074 	 1.000000 	 -7.000000 
 0.688423 	 0.999311 	 -7.001074 	 1.000000 	 -7.000000 
 0.687449 	 0.999635 	 -7.000424 	 1.000000 	 -7.000000 
 0.691343 	 0.999311 	 -7.000749 	 1.000000 	 -7.000000 
 0.692966 	 0.999635 	 -7.000749 	 1.000000 	 -7.000000 
 0.698158 	 0.999635 	 -7.001074 	 1.000000 	 -7.000000 
 0.701728 	 0.999635 	 -7.000749 	 1.000000 	 -7.000000 
 0.704000 	 0.999311 	 -7.000424 	 1.000000 	 -7.000000 
 0.703026 	 0.999960 	 -7.000749 	 1.000000 	 -7.000000 
 0.705622 	 0.999311 	 -7.000749 	 1.000000 	 -7.000000 
 0.703026 	 0.999635 	 -7.000749 	 1.000000 	 -7.000000 
 0.702702 	 0.999635 	 -7.001074 	 1.000000 	 -7.000000 
 0.702053 	 0.999311 	 -7.001074 	 1.000000 	 -7.000000 
 0.700105 	 0.999311 	 -7.000749 	 1.000000 	 -7.000000 
 0.701403 	 0.999311 	 -7.000749 	 1.000000 	 -7.000000 
 0.699456 	 0.999635 	 -7.000749 	 1.000000 	 -7.000000 
 0.700105 	 0.999635 	 -7.000749 	 1.000000 	 -7.000000 
 0.700430 	 0.999635 	 -7.000749 	 1.000000 	 -7.000000 
 0.702053 	 0.999635 	 -7.001074 	 1.000000 	 -7.000000 
 0.701728 	 0.999635 	 -7.000749 	 1.000000 	 -7.000000 
 0.702377 	 0.999311 	 -7.001398 	 1.000000 	 -7.000000 
 0.702377 	 0.999635 	 -7.000749 	 1.000000 	 -7.000000 
 0.700754 	 0.999635 	 -7.000749 	 1.000000 	 -7.000000 
 9.153287 	 0.998986 	 9.000108 	 1.000000 	 9.000000 
 9.279531 	 0.999960 	 9.000432 	 1.000000 	 9.000000 
 5.054832 	 0.999635 	 9.000432 	 1.000000 	 9.000000 
 1.305006 	 0.999311 	 9.000108 	 1.000000 	 9.000000 
 -0.136176 	 0.999635 	 9.000108 	 1.000000 	 9.000000 
 -0.192318 	 0.999311 	 9.000108 	 1.000000 	 9.000000 
 -0.205947 	 0.999635 	 9.000108 	 1.000000 	 9.000000 
 -0.208868 	 0.998986 	 9.000432 	 1.000000 	 9.000000 
 -0.204000 	 0.999311 	 9.000108 	 1.000000 	 9.000000 
 -0.186476 	 0.999311 	 9.000757 	 1.000000 	 9.000000 
 -0.149481 	 0.999311 	 9.000432 	 1.000000 	 9.000000 
 0.002717 	 0.999635 	 9.000108 	 1.000000 	 9.000000 
 0.373316 	 0.999311 	 9.000432 	 1.000000 	 9.000000 
 0.767281 	 0.999635 	 9.000432 	 1.000000 	 9.000000 
 1.115164 	 0.999635 	 9.000432 	 1.000000 	 9.000000 
 1.367314 	 0.999960 	 9.000108 	 1.000000 	 9.000000 
 1.521460 	 0.999311 	 9.000108 	 1.000000 	 9.000000 
 1.587013 	 0.998986 	 9.000108 	 1.000000 	 9.000000 
 1.585065 	 0.999311 	 9.000432 	 1.000000 	 9.000000 
 1.541580 	 0.999311 	 9.000108 	 1.000000 	 9.000000 
 1.483491 	 0.999311 	 9.000108 	 1.000000 	 9.000000 
 1.424105 	 0.999635 	 9.000432 	 1.000000 	 9.000000 
 1.378348 	 0.999635 	 9.000432 	 1.000000 	 9.000000 
 1.350114 	 0.999635 	 9.000108 	 1.000000 	 9.000000 
 1.334862 	 0.999311 	 9.000108 	 1.000000 	 9.000000 
 1.336160 	 0.999635 	 9.000432 	 1.000000 	 9.000000 
 1.340379 	 0.999635 	 8.999783 	 1.000000 	 9.000000 
 1.349465 	 0.999311 	 8.999783 	 1.000000 	 9.000000 
 1.358876 	 0.999311 	 9.000108 	 1.000000 	 9.000000 
 1.363744 	 0.999311 	 9.000108 	 1.000000 	 9.000000 
 1.370559 	 0.999311 	 9.000108 	 1.000000 	 9.000000 
 1.373480 	 0.999311 	 9.000108 	 1.000000 	 9.000000 
 1.375102 	 0.998986 	 9.000432 	 1.000000 	 9.000000 
 1.376076 	 0.999311 	 9.000108 	 1.000000 	 9.000000 
 1.375751 	 0.999311 	 9.000108 	 1.000000 	 9.000000 
 1.373804 	 0.999635 	 9.000432 	 1.000000 	 9.000000 
 1.371857 	 0.999635 	 9.000108 	 1.000000 	 9.000000 
