% Data acquired by the PCI6221 device on 25/11/2024 at 17:23
% Sample rate [Hz]: 1000.000000
%   acq_output  acq_input1  acq_input2 input1_calc input2_calc
data=[
 0.822773 	 8.000228 	 0.999311 	 8.000000 	 1.000000 
 1.700594 	 8.000552 	 0.999635 	 8.000000 	 1.000000 
 3.621097 	 8.000228 	 0.999311 	 8.000000 	 1.000000 
 5.614634 	 8.000552 	 0.999635 	 8.000000 	 1.000000 
 7.134711 	 8.000228 	 0.999635 	 8.000000 	 1.000000 
 8.049881 	 7.999903 	 0.999311 	 8.000000 	 1.000000 
 8.453272 	 8.000228 	 0.999635 	 8.000000 	 1.000000 
 8.521099 	 8.000228 	 0.999635 	 8.000000 	 1.000000 
 8.423090 	 7.999903 	 0.998986 	 8.000000 	 1.000000 
 8.274455 	 8.000228 	 0.999635 	 8.000000 	 1.000000 
 8.142696 	 7.999903 	 0.999311 	 8.000000 	 1.000000 
 8.053450 	 8.000228 	 0.999311 	 8.000000 	 1.000000 
 8.003797 	 8.000228 	 0.999311 	 8.000000 	 1.000000 
 7.985624 	 8.000228 	 0.999635 	 8.000000 	 1.000000 
 7.986922 	 7.999903 	 0.999311 	 8.000000 	 1.000000 
 7.992439 	 8.000228 	 0.999311 	 8.000000 	 1.000000 
 8.000877 	 7.999903 	 0.999635 	 8.000000 	 1.000000 
 8.006394 	 8.000552 	 0.999635 	 8.000000 	 1.000000 
 8.007692 	 8.000552 	 0.999311 	 8.000000 	 1.000000 
 8.008665 	 8.000552 	 0.999311 	 8.000000 	 1.000000 
 8.009963 	 8.000228 	 0.999635 	 8.000000 	 1.000000 
 8.006069 	 7.999903 	 0.999635 	 8.000000 	 1.000000 
 8.008341 	 8.000552 	 0.999635 	 8.000000 	 1.000000 
 8.007043 	 8.000228 	 0.999635 	 8.000000 	 1.000000 
 8.009314 	 8.000552 	 0.999960 	 8.000000 	 1.000000 
 8.011262 	 8.000552 	 0.999635 	 8.000000 	 1.000000 
 8.010288 	 8.000228 	 0.999311 	 8.000000 	 1.000000 
 8.011262 	 8.000552 	 1.000284 	 8.000000 	 1.000000 
 8.011586 	 8.000228 	 0.999635 	 8.000000 	 1.000000 
 8.010937 	 8.000552 	 0.999311 	 8.000000 	 1.000000 
 8.011911 	 8.000552 	 0.999635 	 8.000000 	 1.000000 
 8.011911 	 8.000552 	 0.999311 	 8.000000 	 1.000000 
 8.011262 	 8.000228 	 0.999635 	 8.000000 	 1.000000 
 8.008990 	 8.000228 	 0.999311 	 8.000000 	 1.000000 
 8.008665 	 8.000228 	 0.999960 	 8.000000 	 1.000000 
 8.007692 	 8.000552 	 0.999635 	 8.000000 	 1.000000 
 8.007692 	 8.000552 	 0.999960 	 8.000000 	 1.000000 
 8.010612 	 8.000228 	 0.999635 	 8.000000 	 1.000000 
 8.011586 	 8.000552 	 0.999311 	 8.000000 	 1.000000 
 8.008665 	 8.000877 	 0.999635 	 8.000000 	 1.000000 
 8.011586 	 7.999903 	 0.999635 	 8.000000 	 1.000000 
 8.009639 	 8.000552 	 0.999635 	 8.000000 	 1.000000 
 8.008016 	 8.000228 	 0.999635 	 8.000000 	 1.000000 
 8.007367 	 7.999578 	 0.999635 	 8.000000 	 1.000000 
 8.008341 	 8.000552 	 0.999635 	 8.000000 	 1.000000 
 8.010612 	 8.000552 	 0.999635 	 8.000000 	 1.000000 
 8.011262 	 8.000552 	 0.999311 	 8.000000 	 1.000000 
 8.009639 	 8.000228 	 0.999635 	 8.000000 	 1.000000 
 8.012884 	 7.999903 	 0.999635 	 8.000000 	 1.000000 
 8.011586 	 7.999903 	 0.999635 	 8.000000 	 1.000000 
 8.007692 	 -6.000241 	 0.999635 	 -6.000000 	 1.000000 
 6.006984 	 -6.000565 	 0.999635 	 -6.000000 	 1.000000 
 2.008237 	 -6.000565 	 0.999311 	 -6.000000 	 1.000000 
 -1.919076 	 -6.000241 	 0.999635 	 -6.000000 	 1.000000 
 -4.817682 	 -6.000565 	 0.999635 	 -6.000000 	 1.000000 
 -6.488000 	 -6.000565 	 0.999311 	 -6.000000 	 1.000000 
 -7.143865 	 -6.000241 	 0.999635 	 -6.000000 	 1.000000 
 -7.150031 	 -6.000241 	 0.999635 	 -6.000000 	 1.000000 
 -6.844003 	 -5.999916 	 0.999311 	 -6.000000 	 1.000000 
 -6.465932 	 -5.999916 	 0.999311 	 -6.000000 	 1.000000 
 -6.152767 	 -6.000565 	 0.999635 	 -6.000000 	 1.000000 
 -5.946694 	 -6.000565 	 0.999635 	 -6.000000 	 1.000000 
 -5.850311 	 -6.000241 	 0.999635 	 -6.000000 	 1.000000 
 -5.824025 	 -6.000890 	 0.999311 	 -6.000000 	 1.000000 
 -5.842198 	 -6.000241 	 0.999635 	 -6.000000 	 1.000000 
 -5.876273 	 -6.000241 	 0.999635 	 -6.000000 	 1.000000 
 -5.906453 	 -6.000241 	 0.999311 	 -6.000000 	 1.000000 
 -5.927223 	 -6.000890 	 0.999635 	 -6.000000 	 1.000000 
 -5.941826 	 -6.000241 	 0.998986 	 -6.000000 	 1.000000 
 -5.948317 	 -6.000241 	 0.999635 	 -6.000000 	 1.000000 
 -5.947343 	 -6.000241 	 0.999635 	 -6.000000 	 1.000000 
 -5.947343 	 -6.000565 	 0.999635 	 -6.000000 	 1.000000 
 -5.943125 	 -6.000890 	 0.999311 	 -6.000000 	 1.000000 
 -5.941826 	 -6.000890 	 0.999635 	 -6.000000 	 1.000000 
 -5.939230 	 -6.000565 	 0.999635 	 -6.000000 	 1.000000 
 -5.937283 	 -6.000565 	 0.999635 	 -6.000000 	 1.000000 
 -5.936959 	 -6.000565 	 0.999311 	 -6.000000 	 1.000000 
 -5.936634 	 -6.000565 	 0.999311 	 -6.000000 	 1.000000 
 -5.936310 	 -6.000565 	 0.999311 	 -6.000000 	 1.000000 
 -5.937932 	 -6.000241 	 0.999311 	 -6.000000 	 1.000000 
 -5.937932 	 -6.000241 	 0.999311 	 -6.000000 	 1.000000 
 -5.937283 	 -6.000565 	 0.999311 	 -6.000000 	 1.000000 
 -5.938257 	 -6.000565 	 0.999635 	 -6.000000 	 1.000000 
 -5.938257 	 -6.000890 	 0.999960 	 -6.000000 	 1.000000 
 -5.939879 	 -6.000565 	 1.000284 	 -6.000000 	 1.000000 
 -5.938257 	 -6.000565 	 0.999311 	 -6.000000 	 1.000000 
 -5.938581 	 -6.000890 	 0.999635 	 -6.000000 	 1.000000 
 -5.936959 	 -6.000565 	 0.999311 	 -6.000000 	 1.000000 
 -5.936310 	 -6.000565 	 0.999960 	 -6.000000 	 1.000000 
 -5.934687 	 -6.000241 	 0.999635 	 -6.000000 	 1.000000 
 -5.936634 	 -6.000241 	 0.999311 	 -6.000000 	 1.000000 
 -5.938581 	 -6.000565 	 0.999960 	 -6.000000 	 1.000000 
 -5.940204 	 -6.000890 	 0.999635 	 -6.000000 	 1.000000 
 -5.940204 	 -6.000565 	 0.999311 	 -6.000000 	 1.000000 
 -5.940528 	 -6.000890 	 0.999635 	 -6.000000 	 1.000000 
 -5.939230 	 -6.000565 	 0.999311 	 -6.000000 	 1.000000 
 -5.934362 	 -6.000565 	 0.999311 	 -6.000000 	 1.000000 
 -5.936959 	 -6.000565 	 0.999635 	 -6.000000 	 1.000000 
 -5.936634 	 -6.000565 	 0.999311 	 -6.000000 	 1.000000 
 -5.936959 	 -6.000565 	 0.999311 	 -6.000000 	 1.000000 
 -5.937283 	 8.000877 	 0.999311 	 8.000000 	 1.000000 
 -3.935960 	 7.999903 	 0.999311 	 8.000000 	 1.000000 
 0.059832 	 8.000228 	 0.999960 	 8.000000 	 1.000000 
 3.991375 	 8.000228 	 0.999635 	 8.000000 	 1.000000 
 6.890666 	 7.999903 	 0.999635 	 8.000000 	 1.000000 
 8.559069 	 8.000552 	 0.999311 	 8.000000 	 1.000000 
 9.217545 	 8.000552 	 0.999635 	 8.000000 	 1.000000 
 9.223386 	 8.000552 	 0.999635 	 8.000000 	 1.000000 
 8.918325 	 8.000552 	 0.999960 	 8.000000 	 1.000000 
 8.541869 	 8.000228 	 0.999635 	 8.000000 	 1.000000 
 8.228047 	 8.000228 	 0.999635 	 8.000000 	 1.000000 
 8.020673 	 7.999903 	 0.999311 	 8.000000 	 1.000000 
 7.918771 	 7.999903 	 0.999311 	 8.000000 	 1.000000 
 7.892808 	 8.000552 	 0.999635 	 8.000000 	 1.000000 
 7.911306 	 7.999903 	 0.999311 	 8.000000 	 1.000000 
 7.944084 	 8.000552 	 0.999635 	 8.000000 	 1.000000 
 7.978160 	 8.000552 	 0.999311 	 8.000000 	 1.000000 
 8.003797 	 8.000228 	 0.999635 	 8.000000 	 1.000000 
 8.015480 	 7.999903 	 0.999311 	 8.000000 	 1.000000 
 8.021971 	 8.000228 	 0.999960 	 8.000000 	 1.000000 
 8.021646 	 8.000552 	 0.999960 	 8.000000 	 1.000000 
 8.015805 	 8.000552 	 0.999635 	 8.000000 	 1.000000 
 8.012884 	 8.000228 	 0.999311 	 8.000000 	 1.000000 
 8.009314 	 8.000228 	 0.999311 	 8.000000 	 1.000000 
 8.010288 	 8.000228 	 0.999635 	 8.000000 	 1.000000 
 8.010937 	 8.000552 	 0.999635 	 8.000000 	 1.000000 
 8.010937 	 8.000552 	 0.999635 	 8.000000 	 1.000000 
 8.010612 	 7.999903 	 0.999311 	 8.000000 	 1.000000 
 8.010612 	 7.999903 	 0.999311 	 8.000000 	 1.000000 
 8.008990 	 8.000228 	 0.999311 	 8.000000 	 1.000000 
 8.009314 	 8.000228 	 0.999635 	 8.000000 	 1.000000 
 8.010612 	 8.000552 	 0.999635 	 8.000000 	 1.000000 
 8.009314 	 8.000228 	 0.999635 	 8.000000 	 1.000000 
 8.009963 	 8.000552 	 0.999635 	 8.000000 	 1.000000 
 8.008016 	 8.000552 	 0.999960 	 8.000000 	 1.000000 
 8.009963 	 8.000552 	 0.999635 	 8.000000 	 1.000000 
 8.009963 	 7.999903 	 0.999311 	 8.000000 	 1.000000 
