% Data acquired by the PCI6221 device on 25/11/2024 at 17:26
% Sample rate [Hz]: 1000.000000
%   acq_output  acq_input1  acq_input2 input1_calc input2_calc
data=[
 0.822124 	 0.999635 	 0.999311 	 1.000000 	 1.000000 
 0.700105 	 1.159947 	 0.999635 	 1.160000 	 1.000000 
 0.644613 	 1.319934 	 0.998986 	 1.320000 	 1.000000 
 0.742293 	 1.479922 	 0.999311 	 1.480000 	 1.000000 
 0.926943 	 1.639909 	 0.999635 	 1.640000 	 1.000000 
 1.154755 	 1.799247 	 0.999635 	 1.800000 	 1.000000 
 1.394573 	 1.959235 	 0.999635 	 1.960000 	 1.000000 
 1.631147 	 2.119547 	 0.999635 	 2.120000 	 1.000000 
 1.855389 	 2.279210 	 0.999311 	 2.280000 	 1.000000 
 2.064379 	 2.439522 	 0.999311 	 2.440000 	 1.000000 
 2.258441 	 2.600159 	 0.999635 	 2.600000 	 1.000000 
 2.433032 	 2.759823 	 0.998986 	 2.760000 	 1.000000 
 2.597563 	 2.920135 	 0.999635 	 2.920000 	 1.000000 
 2.751710 	 3.080123 	 0.999635 	 3.080000 	 1.000000 
 2.901637 	 3.239462 	 0.999311 	 3.240000 	 1.000000 
 3.048320 	 3.399775 	 0.999635 	 3.400000 	 1.000000 
 3.194354 	 3.559439 	 0.999635 	 3.560000 	 1.000000 
 3.345905 	 3.719427 	 0.999635 	 3.720000 	 1.000000 
 3.501674 	 3.880065 	 0.999635 	 3.880000 	 1.000000 
 3.660040 	 4.039729 	 0.999635 	 4.040000 	 1.000000 
 3.821002 	 4.199718 	 0.999311 	 4.200000 	 1.000000 
 3.982289 	 4.360031 	 0.999960 	 4.360000 	 1.000000 
 4.142926 	 4.519371 	 0.999635 	 4.520000 	 1.000000 
 4.304862 	 4.679685 	 0.999311 	 4.680000 	 1.000000 
 4.463878 	 4.839674 	 0.999635 	 4.840000 	 1.000000 
 4.624191 	 4.999663 	 0.999635 	 5.000000 	 1.000000 
 4.783207 	 5.159977 	 0.999635 	 5.160000 	 1.000000 
 4.943521 	 5.319967 	 0.999635 	 5.320000 	 1.000000 
 5.103835 	 5.479957 	 0.999635 	 5.480000 	 1.000000 
 5.262851 	 5.640596 	 0.999311 	 5.640000 	 1.000000 
 5.420894 	 5.799613 	 0.999311 	 5.800000 	 1.000000 
 5.581208 	 5.959928 	 0.999311 	 5.960000 	 1.000000 
 5.741199 	 6.120243 	 0.999311 	 6.120000 	 1.000000 
 5.900864 	 6.279909 	 0.999311 	 6.280000 	 1.000000 
 6.059881 	 6.439900 	 0.999311 	 6.440000 	 1.000000 
 6.218574 	 6.599891 	 0.999311 	 6.600000 	 1.000000 
 6.376942 	 6.759882 	 0.999960 	 6.760000 	 1.000000 
 6.536284 	 6.919874 	 0.999311 	 6.920000 	 1.000000 
 6.695302 	 7.080190 	 0.999635 	 7.080000 	 1.000000 
 6.854320 	 7.240182 	 0.999635 	 7.240000 	 1.000000 
 7.014960 	 7.399850 	 0.999311 	 7.400000 	 1.000000 
 7.176250 	 7.559842 	 0.999635 	 7.560000 	 1.000000 
 7.335593 	 7.719834 	 0.999635 	 7.720000 	 1.000000 
 7.495261 	 7.880152 	 0.999311 	 7.880000 	 1.000000 
 7.653306 	 8.039820 	 0.999960 	 8.040000 	 1.000000 
 7.810053 	 8.200462 	 0.999960 	 8.200000 	 1.000000 
 7.970695 	 8.360780 	 0.999635 	 8.360000 	 1.000000 
 8.130364 	 8.520125 	 0.999635 	 8.520000 	 1.000000 
 8.290033 	 8.680768 	 0.999311 	 8.680000 	 1.000000 
 8.452298 	 8.840438 	 0.999635 	 8.840000 	 1.000000 
 8.608722 	 -7.000749 	 0.999311 	 -7.000000 	 1.000000 
 6.481764 	 -6.840758 	 0.999311 	 -6.840000 	 1.000000 
 2.071518 	 -6.680767 	 0.999311 	 -6.680000 	 1.000000 
 -2.260469 	 -6.520777 	 0.999635 	 -6.520000 	 1.000000 
 -5.411881 	 -6.361111 	 0.999635 	 -6.360000 	 1.000000 
 -7.160740 	 -6.201121 	 0.999311 	 -6.200000 	 1.000000 
 -7.751054 	 -6.040806 	 0.999635 	 -6.040000 	 1.000000 
 -7.599824 	 -5.880816 	 0.998986 	 -5.880000 	 1.000000 
 -7.093888 	 -5.720826 	 0.999635 	 -5.720000 	 1.000000 
 -6.504226 	 -5.560837 	 0.999635 	 -5.560000 	 1.000000 
 -5.984014 	 -5.400523 	 0.999635 	 -5.400000 	 1.000000 
 -5.589395 	 -5.240858 	 0.999311 	 -5.240000 	 1.000000 
 -5.314524 	 -5.080220 	 0.999311 	 -5.080000 	 1.000000 
 -5.127275 	 -4.920555 	 0.999635 	 -4.920000 	 1.000000 
 -4.987731 	 -4.760242 	 0.999635 	 -4.760000 	 1.000000 
 -4.867658 	 -4.600577 	 0.999311 	 -4.600000 	 1.000000 
 -4.747261 	 -4.440589 	 0.999311 	 -4.440000 	 1.000000 
 -4.611936 	 -4.279951 	 0.999635 	 -4.280000 	 1.000000 
 -4.469147 	 -4.120287 	 0.999635 	 -4.120000 	 1.000000 
 -4.312728 	 -3.960299 	 0.999635 	 -3.960000 	 1.000000 
 -4.152415 	 -3.800311 	 0.999311 	 -3.800000 	 1.000000 
 -3.990479 	 -3.640323 	 0.999635 	 -3.640000 	 1.000000 
 -3.826597 	 -3.480659 	 0.999311 	 -3.480000 	 1.000000 
 -3.666609 	 -3.320347 	 0.999635 	 -3.320000 	 1.000000 
 -3.507270 	 -3.160359 	 0.999311 	 -3.160000 	 1.000000 
 -3.346633 	 -3.000695 	 0.999960 	 -3.000000 	 1.000000 
 -3.187943 	 -2.840383 	 0.999311 	 -2.840000 	 1.000000 
 -3.027955 	 -2.680396 	 0.999635 	 -2.680000 	 1.000000 
 -2.866345 	 -2.520408 	 0.999311 	 -2.520000 	 1.000000 
 -2.707980 	 -2.360096 	 0.999635 	 -2.360000 	 1.000000 
 -2.548641 	 -2.200433 	 0.999635 	 -2.200000 	 1.000000 
 -2.391250 	 -2.040446 	 0.999311 	 -2.040000 	 1.000000 
 -2.231262 	 -1.880458 	 0.999960 	 -1.880000 	 1.000000 
 -2.070626 	 -1.720795 	 0.999311 	 -1.720000 	 1.000000 
 -1.911612 	 -1.560484 	 0.999311 	 -1.560000 	 1.000000 
 -1.753572 	 -1.400496 	 0.999960 	 -1.400000 	 1.000000 
 -1.593260 	 -1.240834 	 0.999635 	 -1.240000 	 1.000000 
 -1.435220 	 -1.080522 	 0.999960 	 -1.080000 	 1.000000 
 -1.274584 	 -0.920210 	 0.999635 	 -0.920000 	 1.000000 
 -1.114596 	 -0.760872 	 0.999635 	 -0.760000 	 1.000000 
 -0.954609 	 -0.600236 	 0.999311 	 -0.600000 	 1.000000 
 -0.793000 	 -0.440249 	 0.999635 	 -0.440000 	 1.000000 
 -0.633986 	 -0.280586 	 0.999635 	 -0.280000 	 1.000000 
 -0.476920 	 -0.119950 	 0.999311 	 -0.120000 	 1.000000 
 -0.316932 	 0.039388 	 0.999635 	 0.040000 	 1.000000 
 -0.161164 	 0.199375 	 0.999635 	 0.200000 	 1.000000 
 0.000121 	 0.359686 	 0.999635 	 0.360000 	 1.000000 
 0.158486 	 0.519674 	 0.999635 	 0.520000 	 1.000000 
 0.319771 	 0.679336 	 0.999311 	 0.680000 	 1.000000 
 0.481056 	 0.839648 	 0.999635 	 0.840000 	 1.000000 
 0.638772 	 0.999635 	 0.999311 	 1.000000 	 1.000000 
 0.799408 	 1.159622 	 0.999311 	 1.160000 	 1.000000 
 0.958421 	 1.319934 	 0.999311 	 1.320000 	 1.000000 
 1.115488 	 1.479597 	 0.999635 	 1.480000 	 1.000000 
 1.276124 	 1.639260 	 0.999635 	 1.640000 	 1.000000 
 1.434489 	 1.799572 	 0.999635 	 1.800000 	 1.000000 
 1.593503 	 1.959884 	 0.999311 	 1.960000 	 1.000000 
 1.754139 	 2.119547 	 0.999311 	 2.120000 	 1.000000 
 1.914776 	 2.279535 	 0.999635 	 2.280000 	 1.000000 
 2.073465 	 2.439522 	 0.999311 	 2.440000 	 1.000000 
 2.233453 	 2.599835 	 0.999960 	 2.600000 	 1.000000 
 2.394739 	 2.759498 	 0.999635 	 2.760000 	 1.000000 
 2.554402 	 2.919486 	 0.999311 	 2.920000 	 1.000000 
 2.713416 	 3.080448 	 0.999635 	 3.080000 	 1.000000 
 2.871133 	 3.239787 	 0.999635 	 3.240000 	 1.000000 
 3.028200 	 3.399450 	 0.999635 	 3.400000 	 1.000000 
 3.188513 	 3.559439 	 0.999960 	 3.560000 	 1.000000 
 3.346229 	 3.720076 	 0.999635 	 3.720000 	 1.000000 
 3.505244 	 3.880065 	 0.999311 	 3.880000 	 1.000000 
 3.668477 	 4.039729 	 0.999635 	 4.040000 	 1.000000 
 3.828790 	 4.199718 	 0.999635 	 4.200000 	 1.000000 
 3.987481 	 4.360031 	 0.999635 	 4.360000 	 1.000000 
 4.147470 	 4.519695 	 0.999311 	 4.520000 	 1.000000 
 4.306485 	 4.680009 	 0.999311 	 4.680000 	 1.000000 
 4.462255 	 4.839674 	 0.999635 	 4.840000 	 1.000000 
 4.622893 	 4.999663 	 0.999311 	 5.000000 	 1.000000 
 4.779637 	 5.159977 	 0.999960 	 5.160000 	 1.000000 
 4.942223 	 5.320292 	 0.999960 	 5.320000 	 1.000000 
 5.104160 	 5.480282 	 0.999311 	 5.480000 	 1.000000 
 5.263500 	 5.640272 	 0.999311 	 5.640000 	 1.000000 
 5.424139 	 5.800262 	 0.999635 	 5.800000 	 1.000000 
 5.583156 	 5.960252 	 0.999635 	 5.960000 	 1.000000 
 5.741199 	 6.119918 	 0.999635 	 6.120000 	 1.000000 
 5.900215 	 6.279909 	 0.999635 	 6.280000 	 1.000000 
 6.058259 	 6.439575 	 0.999311 	 6.440000 	 1.000000 
 6.217276 	 6.600216 	 0.999635 	 6.600000 	 1.000000 
 6.377267 	 6.759882 	 0.999635 	 6.760000 	 1.000000 
