% Data acquired by the PCI6221 device on 25/11/2024 at 17:22
% Sample rate [Hz]: 1000.000000
%   acq_output  acq_input1  acq_input2 input1_calc input2_calc
data=[
 4.055306 	 0.999311 	 4.866285 	 1.000000 	 4.866713 
 -2.670660 	 0.999635 	 -1.795110 	 1.000000 	 -1.794547 
 -5.720502 	 0.999635 	 -5.854854 	 1.000000 	 -5.854450 
 5.979724 	 0.998986 	 5.076251 	 1.000000 	 5.077037 
 6.227336 	 0.999311 	 5.777221 	 1.000000 	 5.776932 
 6.480790 	 0.999635 	 8.803116 	 1.000000 	 8.803381 
 -0.472701 	 0.999960 	 3.792444 	 1.000000 	 3.792188 
 -5.893148 	 0.999311 	 -1.465725 	 1.000000 	 -1.465471 
 -7.652722 	 0.999311 	 -5.687725 	 1.000000 	 -5.687019 
 -5.171410 	 0.998986 	 -6.972191 	 1.000000 	 -6.971697 
 3.884283 	 0.999311 	 -0.697916 	 1.000000 	 -0.697841 
 9.215922 	 0.999635 	 6.372074 	 1.000000 	 6.372320 
 -2.409747 	 0.999635 	 -6.792728 	 1.000000 	 -6.791623 
 5.402072 	 0.999311 	 2.476842 	 1.000000 	 2.477473 
 6.411017 	 0.999635 	 4.361329 	 1.000000 	 4.361339 
 -4.915687 	 0.999311 	 -6.382205 	 1.000000 	 -6.381176 
 6.892289 	 0.999311 	 7.002953 	 1.000000 	 7.002892 
 6.024508 	 0.999311 	 7.431004 	 1.000000 	 7.431128 
 -5.622821 	 0.999635 	 -3.131477 	 1.000000 	 -3.131220 
 -2.193294 	 0.999311 	 0.228257 	 1.000000 	 0.228650 
 -2.199459 	 0.999635 	 -1.674714 	 1.000000 	 -1.674411 
 -3.879169 	 0.999311 	 -5.446605 	 1.000000 	 -5.445904 
 8.905020 	 0.999311 	 8.140749 	 1.000000 	 8.140945 
 7.041896 	 0.999311 	 6.352927 	 1.000000 	 6.352773 
 -6.706729 	 0.999635 	 -6.880675 	 1.000000 	 -6.880420 
 4.247422 	 0.999635 	 4.736476 	 1.000000 	 4.737223 
 5.113571 	 0.999311 	 5.603276 	 1.000000 	 5.603159 
 -3.795767 	 0.999635 	 -2.880624 	 1.000000 	 -2.880138 
 -5.480355 	 0.999635 	 -5.705249 	 1.000000 	 -5.704092 
 4.507039 	 0.998986 	 2.929871 	 1.000000 	 2.930263 
 4.329850 	 0.999311 	 2.477491 	 1.000000 	 2.477966 
 1.491929 	 0.999635 	 0.522594 	 1.000000 	 0.522827 
 -5.235341 	 0.999635 	 -6.938440 	 1.000000 	 -6.938041 
 1.504260 	 0.999311 	 -1.132445 	 1.000000 	 -1.132154 
 7.848348 	 0.999635 	 5.255063 	 1.000000 	 5.255335 
 -3.840876 	 0.999311 	 -6.559720 	 1.000000 	 -6.559135 
 0.368773 	 0.999311 	 -2.092693 	 1.000000 	 -2.092426 
 -1.991768 	 0.999635 	 -6.114148 	 1.000000 	 -6.113370 
 2.854582 	 0.999311 	 -1.760711 	 1.000000 	 -1.759947 
 1.488035 	 0.999311 	 -3.642594 	 1.000000 	 -3.642601 
 5.331650 	 0.998986 	 1.164166 	 1.000000 	 1.164348 
 -0.557724 	 0.999311 	 -4.326682 	 1.000000 	 -4.326019 
 -1.462479 	 0.999311 	 -5.017912 	 1.000000 	 -5.017671 
 0.287319 	 0.999635 	 -3.907402 	 1.000000 	 -3.906739 
 7.017556 	 0.999635 	 3.481554 	 1.000000 	 3.481983 
 4.720899 	 0.999635 	 2.881517 	 1.000000 	 2.881470 
 6.191963 	 0.999960 	 7.515057 	 1.000000 	 7.515408 
 1.867396 	 0.999635 	 5.728542 	 1.000000 	 5.728685 
 -2.166359 	 0.999311 	 3.373813 	 1.000000 	 3.374370 
 -6.153091 	 0.998986 	 -1.194103 	 1.000000 	 -1.193696 
 -5.170761 	 0.998986 	 -2.348413 	 1.000000 	 -2.347714 
 4.604720 	 0.999311 	 5.916766 	 1.000000 	 5.916545 
 -5.351520 	 0.999635 	 -6.370847 	 1.000000 	 -6.369988 
 5.403694 	 0.999635 	 4.225679 	 1.000000 	 4.226219 
 0.178930 	 0.999635 	 -2.365937 	 1.000000 	 -2.366060 
 5.024003 	 0.999635 	 3.270616 	 1.000000 	 3.270718 
 4.017012 	 0.999311 	 2.928572 	 1.000000 	 2.928730 
 5.159004 	 0.998986 	 6.043331 	 1.000000 	 6.043538 
 3.942373 	 0.999635 	 6.950055 	 1.000000 	 6.950093 
 -2.569086 	 0.999311 	 1.608755 	 1.000000 	 1.608846 
 -7.936684 	 0.999635 	 -6.099220 	 1.000000 	 -6.098647 
 3.240760 	 0.999311 	 4.812414 	 1.000000 	 4.812609 
 4.607965 	 0.999635 	 5.372864 	 1.000000 	 5.373254 
 1.785293 	 0.999311 	 3.430929 	 1.000000 	 3.431586 
 -0.293892 	 0.999635 	 1.736615 	 1.000000 	 1.737306 
 -1.369667 	 0.999635 	 0.137067 	 1.000000 	 0.137421 
 -2.519434 	 0.999311 	 -2.387355 	 1.000000 	 -2.387238 
 -1.751625 	 0.999635 	 -3.488772 	 1.000000 	 -3.488443 
 2.315556 	 0.999635 	 -0.894249 	 1.000000 	 -0.893765 
 8.152756 	 0.998986 	 5.336193 	 1.000000 	 5.336410 
 3.190135 	 0.999311 	 1.626279 	 1.000000 	 1.626469 
 -0.311416 	 0.999311 	 -0.550585 	 1.000000 	 -0.549796 
 -3.158087 	 0.999311 	 -3.787979 	 1.000000 	 -3.787549 
 -3.090912 	 0.999311 	 -5.191206 	 1.000000 	 -5.190751 
 2.030304 	 0.999635 	 -1.462479 	 1.000000 	 -1.462072 
 -1.706517 	 0.999635 	 -6.730095 	 1.000000 	 -6.729343 
 0.442438 	 0.999635 	 -5.550777 	 1.000000 	 -5.550086 
 1.120031 	 0.999635 	 -6.078775 	 1.000000 	 -6.078105 
 2.302575 	 0.999635 	 -5.346977 	 1.000000 	 -5.346347 
 7.652657 	 0.998986 	 1.040200 	 1.000000 	 1.040653 
 -0.210491 	 0.999635 	 -5.926898 	 1.000000 	 -5.925958 
 2.461265 	 0.999635 	 -1.742538 	 1.000000 	 -1.742021 
 -1.311579 	 0.999635 	 -5.473216 	 1.000000 	 -5.472579 
 0.916559 	 0.999635 	 -2.892631 	 1.000000 	 -2.892342 
 -2.247813 	 0.999635 	 -6.749242 	 1.000000 	 -6.748242 
 -0.908852 	 0.999311 	 -6.150495 	 1.000000 	 -6.149995 
 5.167766 	 0.999311 	 -0.186152 	 1.000000 	 -0.185399 
 3.526987 	 0.999960 	 -1.072734 	 1.000000 	 -1.072076 
 7.518951 	 0.999311 	 5.523768 	 1.000000 	 5.523695 
 3.524066 	 0.999311 	 4.085486 	 1.000000 	 4.085890 
 1.310848 	 0.999311 	 4.495356 	 1.000000 	 4.495279 
 1.238480 	 0.999311 	 6.218898 	 1.000000 	 6.219362 
 0.385972 	 0.999311 	 6.590804 	 1.000000 	 6.590925 
 -4.896865 	 0.999635 	 1.198889 	 1.000000 	 1.198961 
 -1.448850 	 0.999311 	 3.800557 	 1.000000 	 3.800599 
 -3.012378 	 0.999960 	 0.294783 	 1.000000 	 0.294982 
 6.036516 	 0.998986 	 8.949156 	 1.000000 	 8.948948 
 5.146348 	 0.999635 	 8.554201 	 1.000000 	 8.554093 
 -1.759738 	 0.999311 	 2.431734 	 1.000000 	 2.432020 
 -5.621522 	 0.999311 	 -2.499314 	 1.000000 	 -2.498899 
 5.062296 	 0.999311 	 7.271986 	 1.000000 	 7.272068 
 0.833158 	 0.999311 	 2.065677 	 1.000000 	 2.066373 
 1.310199 	 0.999635 	 2.835760 	 1.000000 	 2.836092 
 3.686651 	 0.999311 	 5.357612 	 1.000000 	 5.357658 
 2.096506 	 0.999311 	 4.290908 	 1.000000 	 4.291099 
 4.934110 	 0.999311 	 8.514283 	 1.000000 	 8.514196 
 -1.004910 	 0.999635 	 3.207010 	 1.000000 	 3.206988 
 -3.629613 	 0.999311 	 0.394734 	 1.000000 	 0.394792 
 3.812889 	 0.999311 	 7.422242 	 1.000000 	 7.423051 
 1.035332 	 0.999311 	 4.263648 	 1.000000 	 4.263808 
 -7.630330 	 0.999960 	 -6.081047 	 1.000000 	 -6.080628 
 4.123131 	 0.999960 	 4.815010 	 1.000000 	 4.815226 
 0.255192 	 0.999311 	 -0.850439 	 1.000000 	 -0.849750 
 6.504156 	 0.999635 	 6.221819 	 1.000000 	 6.221783 
 6.733596 	 0.999960 	 7.802265 	 1.000000 	 7.802462 
 3.453645 	 0.999311 	 6.950055 	 1.000000 	 6.949873 
 -6.975761 	 0.999635 	 -3.328784 	 1.000000 	 -3.328489 
 -5.517026 	 0.999311 	 -3.390443 	 1.000000 	 -3.389512 
 1.876483 	 0.999635 	 1.693455 	 1.000000 	 1.694097 
 -3.461188 	 0.999635 	 -6.063847 	 1.000000 	 -6.063275 
 -0.786185 	 0.998986 	 -5.153562 	 1.000000 	 -5.152497 
 6.718992 	 0.999311 	 1.293324 	 1.000000 	 1.293974 
 5.917091 	 0.999635 	 1.169033 	 1.000000 	 1.169554 
 2.248381 	 0.999311 	 -1.009777 	 1.000000 	 -1.009205 
 -1.354739 	 0.999635 	 -4.002811 	 1.000000 	 -4.002447 
 8.771312 	 0.999960 	 8.227074 	 1.000000 	 8.227133 
 -4.146573 	 0.999311 	 -5.015315 	 1.000000 	 -5.014887 
 3.392311 	 0.999635 	 4.240607 	 1.000000 	 4.240926 
 6.992243 	 0.999311 	 8.939095 	 1.000000 	 8.938984 
 -7.330467 	 0.999635 	 -5.478408 	 1.000000 	 -5.478461 
 3.466301 	 0.999311 	 6.546344 	 1.000000 	 6.546426 
 1.065188 	 0.998986 	 3.502323 	 1.000000 	 3.502675 
 -1.909989 	 0.999311 	 0.723795 	 1.000000 	 0.724274 
 -0.288375 	 0.999635 	 1.723959 	 1.000000 	 1.724002 
 3.085315 	 0.999311 	 4.710514 	 1.000000 	 4.710862 
 4.401245 	 0.999635 	 6.638834 	 1.000000 	 6.638409 
