% Data acquired by the PCI6221 device on 25/11/2024 at 17:26
% Sample rate [Hz]: 1000.000000
%   acq_output  acq_input1  acq_input2 input1_calc input2_calc
data=[
 0.822773 	 0.999311 	 0.999635 	 1.000000 	 1.000000 
 0.698483 	 1.319610 	 0.999635 	 1.320000 	 1.000000 
 0.665057 	 1.639260 	 0.999635 	 1.640000 	 1.000000 
 0.832833 	 1.959559 	 0.999635 	 1.960000 	 1.000000 
 1.130740 	 2.279535 	 0.999635 	 2.280000 	 1.000000 
 1.505883 	 2.599835 	 0.999311 	 2.600000 	 1.000000 
 1.914451 	 2.919810 	 0.999635 	 2.920000 	 1.000000 
 2.323020 	 3.239787 	 0.999635 	 3.240000 	 1.000000 
 2.722503 	 3.559763 	 0.999311 	 3.560000 	 1.000000 
 3.100892 	 3.879416 	 0.999311 	 3.880000 	 1.000000 
 3.453970 	 4.199393 	 0.999635 	 4.200000 	 1.000000 
 3.792120 	 4.519695 	 0.999635 	 4.520000 	 1.000000 
 4.113395 	 4.839674 	 0.999635 	 4.840000 	 1.000000 
 4.426882 	 5.160302 	 0.999960 	 5.160000 	 1.000000 
 4.737125 	 5.479633 	 0.999635 	 5.480000 	 1.000000 
 5.043798 	 5.799937 	 0.999635 	 5.800000 	 1.000000 
 5.351121 	 6.120243 	 0.999635 	 6.120000 	 1.000000 
 5.662664 	 6.440224 	 0.998986 	 6.440000 	 1.000000 
 5.976154 	 6.759882 	 0.999635 	 6.760000 	 1.000000 
 6.292890 	 7.080190 	 0.999960 	 7.080000 	 1.000000 
 6.612548 	 7.400174 	 0.999311 	 7.400000 	 1.000000 
 6.931557 	 7.720159 	 0.999311 	 7.720000 	 1.000000 
 7.251540 	 8.040145 	 0.999635 	 8.040000 	 1.000000 
 7.571525 	 8.360131 	 0.999635 	 8.360000 	 1.000000 
 7.892159 	 8.680443 	 0.999311 	 8.680000 	 1.000000 
 8.213444 	 9.000108 	 0.999311 	 9.000000 	 1.000000 
 8.533755 	 8.680443 	 0.999311 	 8.680000 	 1.000000 
 8.761252 	 8.360780 	 0.999635 	 8.360000 	 1.000000 
 8.806037 	 8.040469 	 0.999311 	 8.040000 	 1.000000 
 8.670058 	 7.720159 	 0.999635 	 7.720000 	 1.000000 
 8.400373 	 7.400174 	 0.999635 	 7.400000 	 1.000000 
 8.054424 	 7.079866 	 0.999311 	 7.080000 	 1.000000 
 7.680242 	 6.759558 	 0.999960 	 6.760000 	 1.000000 
 7.306061 	 6.440224 	 0.999311 	 6.440000 	 1.000000 
 6.948108 	 6.119918 	 0.999635 	 6.120000 	 1.000000 
 6.606706 	 5.799613 	 0.999311 	 5.800000 	 1.000000 
 6.277637 	 5.479957 	 0.999635 	 5.480000 	 1.000000 
 5.959279 	 5.159653 	 0.998986 	 5.160000 	 1.000000 
 5.642868 	 4.839998 	 0.999635 	 4.840000 	 1.000000 
 5.328405 	 4.519371 	 0.999311 	 4.520000 	 1.000000 
 5.013293 	 4.199718 	 0.999311 	 4.200000 	 1.000000 
 4.697209 	 3.879740 	 0.999635 	 3.880000 	 1.000000 
 4.379827 	 3.559439 	 0.999635 	 3.560000 	 1.000000 
 4.064717 	 3.239787 	 0.999311 	 3.240000 	 1.000000 
 3.743766 	 2.919810 	 0.999311 	 2.920000 	 1.000000 
 3.423140 	 2.599835 	 0.999311 	 2.600000 	 1.000000 
 3.106409 	 2.279210 	 0.999635 	 2.280000 	 1.000000 
 2.785135 	 1.959559 	 0.999635 	 1.960000 	 1.000000 
 2.467755 	 1.639260 	 0.999311 	 1.640000 	 1.000000 
 2.148429 	 1.319610 	 0.998986 	 1.320000 	 1.000000 
 1.829752 	 0.998986 	 0.999635 	 1.000000 	 1.000000 
 1.510102 	 0.679661 	 0.999635 	 0.680000 	 1.000000 
 1.190127 	 0.359686 	 0.999311 	 0.360000 	 1.000000 
 0.870477 	 0.039388 	 0.999311 	 0.040000 	 1.000000 
 0.553099 	 -0.280586 	 0.999311 	 -0.280000 	 1.000000 
 0.236370 	 -0.599912 	 0.999311 	 -0.600000 	 1.000000 
 -0.080684 	 -0.920210 	 0.999311 	 -0.920000 	 1.000000 
 -0.400658 	 -1.240509 	 0.999960 	 -1.240000 	 1.000000 
 -0.718361 	 -1.560484 	 0.999311 	 -1.560000 	 1.000000 
 -1.038659 	 -1.880458 	 0.999635 	 -1.880000 	 1.000000 
 -1.359607 	 -2.200758 	 0.999635 	 -2.200000 	 1.000000 
 -1.678933 	 -2.520408 	 0.999311 	 -2.520000 	 1.000000 
 -1.998907 	 -2.840059 	 0.999635 	 -2.840000 	 1.000000 
 -2.314663 	 -3.160359 	 0.999635 	 -3.160000 	 1.000000 
 -2.632042 	 -3.480659 	 0.999311 	 -3.480000 	 1.000000 
 -2.952342 	 -3.800311 	 0.999635 	 -3.800000 	 1.000000 
 -3.270046 	 -4.120287 	 0.999635 	 -4.120000 	 1.000000 
 -3.588075 	 -4.440264 	 0.999635 	 -4.440000 	 1.000000 
 -3.910323 	 -4.760566 	 0.999635 	 -4.760000 	 1.000000 
 -4.227703 	 -5.080544 	 0.999635 	 -5.080000 	 1.000000 
 -4.547032 	 -5.400847 	 0.999635 	 -5.400000 	 1.000000 
 -4.868307 	 -5.720826 	 0.999635 	 -5.720000 	 1.000000 
 -5.185689 	 -6.040481 	 0.999635 	 -6.040000 	 1.000000 
 -5.504045 	 -6.360786 	 0.999311 	 -6.360000 	 1.000000 
 -5.822077 	 -6.680767 	 0.999635 	 -6.680000 	 1.000000 
 -6.140759 	 -7.000749 	 0.999635 	 -7.000000 	 1.000000 
 -6.458144 	 -6.680118 	 0.999311 	 -6.680000 	 1.000000 
 -6.682390 	 -6.360462 	 0.999960 	 -6.360000 	 1.000000 
 -6.729121 	 -6.041131 	 0.999635 	 -6.040000 	 1.000000 
 -6.595417 	 -5.721151 	 0.999311 	 -5.720000 	 1.000000 
 -6.328658 	 -5.400847 	 0.999311 	 -5.400000 	 1.000000 
 -5.986286 	 -5.080869 	 0.999311 	 -5.080000 	 1.000000 
 -5.613734 	 -4.760566 	 0.999311 	 -4.760000 	 1.000000 
 -5.238911 	 -4.440264 	 0.999635 	 -4.440000 	 1.000000 
 -4.875771 	 -4.119963 	 0.999635 	 -4.120000 	 1.000000 
 -4.532428 	 -3.800635 	 0.999311 	 -3.800000 	 1.000000 
 -4.203689 	 -3.480335 	 0.999635 	 -3.480000 	 1.000000 
 -3.884037 	 -3.160359 	 0.998986 	 -3.160000 	 1.000000 
 -3.569577 	 -2.840383 	 0.999635 	 -2.840000 	 1.000000 
 -3.259337 	 -2.520733 	 0.999635 	 -2.520000 	 1.000000 
 -2.944229 	 -2.200758 	 0.999311 	 -2.200000 	 1.000000 
 -2.629122 	 -1.880458 	 0.999311 	 -1.880000 	 1.000000 
 -2.311743 	 -1.560159 	 0.999311 	 -1.560000 	 1.000000 
 -1.990794 	 -1.240509 	 0.999635 	 -1.240000 	 1.000000 
 -1.672442 	 -0.920210 	 0.999311 	 -0.920000 	 1.000000 
 -1.350845 	 -0.600236 	 0.999635 	 -0.600000 	 1.000000 
 -1.031520 	 -0.280586 	 0.999311 	 -0.280000 	 1.000000 
 -0.715115 	 0.039712 	 0.999635 	 0.040000 	 1.000000 
 -0.394817 	 0.359686 	 0.999635 	 0.360000 	 1.000000 
 -0.076141 	 0.679661 	 0.999311 	 0.680000 	 1.000000 
 0.241562 	 0.999311 	 0.999635 	 1.000000 	 1.000000 
 0.560887 	 1.319610 	 0.999635 	 1.320000 	 1.000000 
 0.878590 	 1.639909 	 0.999635 	 1.640000 	 1.000000 
 1.196942 	 1.959559 	 0.999311 	 1.960000 	 1.000000 
 1.516592 	 2.279535 	 0.999960 	 2.280000 	 1.000000 
 1.837216 	 2.599835 	 0.999311 	 2.600000 	 1.000000 
 2.156218 	 2.919486 	 0.999311 	 2.920000 	 1.000000 
 2.475544 	 3.239787 	 0.999311 	 3.240000 	 1.000000 
 2.794546 	 3.559439 	 0.999635 	 3.560000 	 1.000000 
 3.110952 	 3.879740 	 0.999960 	 3.880000 	 1.000000 
 3.428982 	 4.199718 	 0.999635 	 4.200000 	 1.000000 
 3.746687 	 4.519695 	 0.999635 	 4.520000 	 1.000000 
 4.064392 	 4.839674 	 0.999960 	 4.840000 	 1.000000 
 4.387291 	 5.159977 	 0.999311 	 5.160000 	 1.000000 
 4.707269 	 5.479633 	 0.999311 	 5.480000 	 1.000000 
 5.026274 	 5.800262 	 0.999635 	 5.800000 	 1.000000 
 5.345280 	 6.120243 	 0.999311 	 6.120000 	 1.000000 
 5.663637 	 6.439900 	 0.999635 	 6.440000 	 1.000000 
 5.981022 	 6.760207 	 0.999635 	 6.760000 	 1.000000 
 6.299056 	 7.079866 	 0.999635 	 7.080000 	 1.000000 
 6.617740 	 7.399850 	 0.999635 	 7.400000 	 1.000000 
 6.937074 	 7.720159 	 0.999635 	 7.720000 	 1.000000 
 7.256733 	 8.040145 	 0.999311 	 8.040000 	 1.000000 
 7.578340 	 8.360780 	 0.999635 	 8.360000 	 1.000000 
 7.894755 	 8.680443 	 0.999635 	 8.680000 	 1.000000 
 8.213444 	 9.000432 	 0.999311 	 9.000000 	 1.000000 
 8.531484 	 8.680443 	 0.999635 	 8.680000 	 1.000000 
 8.759954 	 8.360456 	 0.999311 	 8.360000 	 1.000000 
 8.804739 	 8.040145 	 0.999311 	 8.040000 	 1.000000 
 8.667138 	 7.719834 	 0.999635 	 7.720000 	 1.000000 
 8.399724 	 7.400174 	 0.999311 	 7.400000 	 1.000000 
 8.053775 	 7.080515 	 0.999960 	 7.080000 	 1.000000 
 7.680242 	 6.759882 	 0.999635 	 6.760000 	 1.000000 
 7.307035 	 6.440224 	 0.999635 	 6.440000 	 1.000000 
 6.949406 	 6.120243 	 0.999311 	 6.120000 	 1.000000 
 6.607031 	 5.800262 	 0.999311 	 5.800000 	 1.000000 
 6.277313 	 5.479957 	 0.999311 	 5.480000 	 1.000000 
