% Data acquired by the PCI6221 device on 25/11/2024 at 17:21
% Sample rate [Hz]: 1000.000000
%   acq_output  acq_input1  acq_input2 input1_calc input2_calc
data=[
 3.344606 	 -2.197188 	 4.000137 	 -2.196939 	 4.000000 
 1.925485 	 0.986979 	 3.999813 	 0.987776 	 4.000000 
 0.321718 	 4.717654 	 3.999813 	 4.718569 	 4.000000 
 0.152969 	 -1.979112 	 4.000137 	 -1.978415 	 4.000000 
 0.157837 	 1.532494 	 3.999813 	 1.533050 	 4.000000 
 0.025433 	 -4.155011 	 4.000137 	 -4.154454 	 4.000000 
 -0.525273 	 1.483816 	 4.000137 	 1.484063 	 4.000000 
 -0.913071 	 1.218360 	 4.000137 	 1.218858 	 4.000000 
 -0.505477 	 7.774355 	 3.999813 	 7.774164 	 4.000000 
 1.114190 	 5.843748 	 4.000137 	 5.843451 	 4.000000 
 3.362455 	 -3.843472 	 4.000462 	 -3.843335 	 4.000000 
 3.743442 	 -0.306548 	 4.000137 	 -0.306333 	 4.000000 
 2.567058 	 -2.811826 	 3.999813 	 -2.811482 	 4.000000 
 0.975621 	 -3.663688 	 3.999813 	 -3.662929 	 4.000000 
 -0.814742 	 4.134164 	 4.000137 	 4.134514 	 4.000000 
 -1.228502 	 0.888650 	 3.999813 	 0.889152 	 4.000000 
 -0.490225 	 2.605676 	 3.999813 	 2.605691 	 4.000000 
 0.495335 	 -4.562609 	 4.000462 	 -4.562290 	 4.000000 
 0.515779 	 2.249354 	 4.000137 	 2.249996 	 4.000000 
 0.247079 	 -6.156012 	 4.000137 	 -6.155832 	 4.000000 
 -0.533386 	 -0.121248 	 4.000137 	 -0.120439 	 4.000000 
 -1.429703 	 -2.078414 	 3.999813 	 -2.078192 	 4.000000 
 -1.762334 	 0.205865 	 4.000462 	 0.206516 	 4.000000 
 -1.630904 	 2.929222 	 4.000137 	 2.929225 	 4.000000 
 -0.669683 	 7.908710 	 4.000137 	 7.908149 	 4.000000 
 1.456232 	 -6.706729 	 4.000137 	 -6.705817 	 4.000000 
 2.059836 	 -1.446253 	 4.000137 	 -1.445541 	 4.000000 
 0.916883 	 6.982507 	 4.000137 	 6.982545 	 4.000000 
 1.021378 	 -5.300570 	 3.999813 	 -5.299905 	 4.000000 
 0.868530 	 4.053359 	 4.000137 	 4.053341 	 4.000000 
 0.608267 	 2.986337 	 4.000137 	 2.986362 	 4.000000 
 1.247567 	 7.002628 	 4.000462 	 7.002508 	 4.000000 
 2.604053 	 -2.624578 	 4.000137 	 -2.624226 	 4.000000 
 3.034041 	 7.009119 	 3.999813 	 7.009104 	 4.000000 
 3.215123 	 -5.902884 	 4.000137 	 -5.902317 	 4.000000 
 2.461265 	 6.871519 	 4.000137 	 6.871959 	 4.000000 
 1.845978 	 1.760954 	 4.000137 	 1.761022 	 4.000000 
 2.136746 	 7.044492 	 4.000137 	 7.044127 	 4.000000 
 2.974654 	 3.133669 	 3.999488 	 3.133568 	 4.000000 
 3.886880 	 0.767281 	 4.000137 	 0.768150 	 4.000000 
 3.830088 	 -0.689154 	 4.000137 	 -0.688613 	 4.000000 
 2.859450 	 7.232069 	 4.000137 	 7.232309 	 4.000000 
 2.665387 	 2.589775 	 3.999813 	 2.590283 	 4.000000 
 3.108032 	 -3.276861 	 4.000137 	 -3.277126 	 4.000000 
 2.386626 	 4.720250 	 4.000137 	 4.720594 	 4.000000 
 1.786267 	 -6.733989 	 3.999813 	 -6.733417 	 4.000000 
 0.650454 	 -2.636586 	 4.000137 	 -2.636201 	 4.000000 
 -1.138935 	 -2.928652 	 4.000137 	 -2.928424 	 4.000000 
 -2.369832 	 -1.962561 	 3.999488 	 -1.962451 	 4.000000 
 -2.914698 	 5.583480 	 4.000137 	 5.583651 	 4.000000 
 -1.812310 	 -5.161026 	 4.000137 	 -5.160236 	 4.000000 
 -0.901064 	 -2.030386 	 3.999813 	 -2.029460 	 4.000000 
 -1.055859 	 7.583208 	 4.000137 	 7.583821 	 4.000000 
 0.037765 	 6.485009 	 3.999813 	 6.484827 	 4.000000 
 2.361313 	 8.692451 	 3.999813 	 8.692282 	 4.000000 
 4.866934 	 -2.182585 	 4.000462 	 -2.182323 	 4.000000 
 5.516953 	 2.392792 	 3.999813 	 2.393268 	 4.000000 
 4.567400 	 -4.652825 	 4.000137 	 -4.652951 	 4.000000 
 2.591073 	 0.108185 	 4.000137 	 0.108705 	 4.000000 
 0.533952 	 1.673010 	 4.000137 	 1.673560 	 4.000000 
 -0.292918 	 -1.505965 	 3.999813 	 -1.505414 	 4.000000 
 -0.600885 	 -3.114277 	 4.000137 	 -3.113553 	 4.000000 
 -1.165546 	 -4.695662 	 3.999813 	 -4.695192 	 4.000000 
 -2.111840 	 5.272262 	 4.000137 	 5.272506 	 4.000000 
 -1.748380 	 1.489657 	 4.000137 	 1.490115 	 4.000000 
 -0.291296 	 -6.279980 	 3.999813 	 -6.279288 	 4.000000 
 -0.213087 	 5.675969 	 4.000137 	 5.676065 	 4.000000 
 0.036792 	 -2.717715 	 3.999813 	 -2.717379 	 4.000000 
 0.431080 	 -0.863095 	 3.999488 	 -0.862485 	 4.000000 
 0.125709 	 5.123306 	 3.999813 	 5.123261 	 4.000000 
 0.628387 	 5.387468 	 4.000137 	 5.387273 	 4.000000 
 2.085797 	 4.366197 	 4.000137 	 4.366286 	 4.000000 
 3.510761 	 -4.428257 	 4.000137 	 -4.428161 	 4.000000 
 3.189811 	 -6.702835 	 4.000137 	 -6.701994 	 4.000000 
 0.820826 	 6.481115 	 4.000137 	 6.481433 	 4.000000 
 -0.294541 	 3.227779 	 3.999813 	 3.228275 	 4.000000 
 0.468724 	 6.086492 	 4.000462 	 6.086826 	 4.000000 
 1.984547 	 -1.336891 	 3.999813 	 -1.336522 	 4.000000 
 2.727046 	 -5.603674 	 4.000137 	 -5.603267 	 4.000000 
 1.478948 	 -6.656103 	 3.999813 	 -6.655452 	 4.000000 
 -1.019188 	 -0.809874 	 4.000137 	 -0.809276 	 4.000000 
 -2.765095 	 -6.844652 	 4.000137 	 -6.843777 	 4.000000 
 -3.918760 	 2.983416 	 4.000462 	 2.984027 	 4.000000 
 -3.761693 	 -3.335923 	 4.000137 	 -3.335525 	 4.000000 
 -2.832595 	 8.101805 	 4.000137 	 8.101931 	 4.000000 
 -0.837783 	 5.537073 	 4.000137 	 5.537242 	 4.000000 
 2.059836 	 1.007748 	 3.999813 	 1.008062 	 4.000000 
 3.716182 	 8.508117 	 3.999813 	 8.507972 	 4.000000 
 4.930540 	 1.258600 	 4.000137 	 1.259023 	 4.000000 
 5.419920 	 7.422242 	 4.000137 	 7.422312 	 4.000000 
 5.511436 	 -2.555456 	 3.999813 	 -2.555471 	 4.000000 
 4.654047 	 3.715208 	 4.000137 	 3.715171 	 4.000000 
 3.346229 	 -2.562920 	 3.999813 	 -2.562496 	 4.000000 
 1.960533 	 -2.305252 	 3.999813 	 -2.305231 	 4.000000 
 0.225985 	 -5.735105 	 4.000137 	 -5.734682 	 4.000000 
 -1.690615 	 7.779548 	 4.000462 	 7.779402 	 4.000000 
 -1.656541 	 2.651109 	 3.999813 	 2.651177 	 4.000000 
 0.064376 	 -0.073869 	 4.000137 	 -0.073353 	 4.000000 
 1.191750 	 -0.120275 	 4.000137 	 -0.119956 	 4.000000 
 1.445847 	 -3.307690 	 4.000137 	 -3.307213 	 4.000000 
 0.754949 	 -4.531455 	 3.999813 	 -4.531159 	 4.000000 
 -0.737507 	 8.369218 	 3.999813 	 8.368965 	 4.000000 
 -0.528842 	 -4.437019 	 3.999813 	 -4.436578 	 4.000000 
 0.040686 	 5.260580 	 3.999813 	 5.260910 	 4.000000 
 0.605995 	 8.507144 	 3.999813 	 8.507220 	 4.000000 
 2.560892 	 6.878334 	 4.000137 	 6.878365 	 4.000000 
 4.809818 	 6.285426 	 4.000137 	 6.285324 	 4.000000 
 6.359093 	 -5.624119 	 4.000137 	 -5.622956 	 4.000000 
 5.415052 	 -1.972297 	 4.000137 	 -1.972144 	 4.000000 
 2.724125 	 -0.336079 	 3.999813 	 -0.335726 	 4.000000 
 0.519674 	 0.368124 	 3.999813 	 0.368419 	 4.000000 
 -0.608025 	 -6.308538 	 4.000137 	 -6.307335 	 4.000000 
 -1.809713 	 -4.419819 	 4.000137 	 -4.419564 	 4.000000 
 -3.211308 	 0.309062 	 4.000137 	 0.309692 	 4.000000 
 -3.465407 	 -1.504342 	 3.999813 	 -1.503986 	 4.000000 
 -2.839734 	 3.397503 	 3.999813 	 3.398046 	 4.000000 
 -1.461830 	 5.692195 	 4.000137 	 5.691918 	 4.000000 
 0.802653 	 2.335027 	 4.000137 	 2.335519 	 4.000000 
 2.685508 	 4.606992 	 3.999813 	 4.607127 	 4.000000 
 3.855077 	 -6.295232 	 4.000137 	 -6.294611 	 4.000000 
 3.087911 	 -5.079571 	 3.999813 	 -5.079004 	 4.000000 
 0.552450 	 -1.286915 	 3.999813 	 -1.286446 	 4.000000 
 -1.502071 	 -6.910531 	 4.000137 	 -6.909756 	 4.000000 
 -3.186645 	 3.062599 	 4.000137 	 3.063272 	 4.000000 
 -3.464109 	 6.805965 	 4.000462 	 6.805544 	 4.000000 
 -1.362528 	 7.969073 	 4.000137 	 7.968789 	 4.000000 
 1.920293 	 -4.947166 	 4.000137 	 -4.947053 	 4.000000 
 3.218693 	 3.553597 	 4.000137 	 3.553879 	 4.000000 
 3.021060 	 5.570824 	 4.000137 	 5.570483 	 4.000000 
 3.389066 	 -2.917619 	 4.000137 	 -2.917467 	 4.000000 
 2.944149 	 -4.687549 	 3.999813 	 -4.687311 	 4.000000 
 1.028193 	 -0.110539 	 4.000462 	 -0.110092 	 4.000000 
 -0.641450 	 -6.932274 	 4.000137 	 -6.931888 	 4.000000 
 -2.234507 	 0.506368 	 3.999813 	 0.507135 	 4.000000 
 -3.078255 	 4.625814 	 3.999813 	 4.626015 	 4.000000 
 -1.938222 	 -4.475962 	 3.999813 	 -4.475819 	 4.000000 
