% Data acquired by the PCI6221 device on 25/11/2024 at 17:25
% Sample rate [Hz]: 1000.000000
%   acq_output  acq_input1  acq_input2 input1_calc input2_calc
data=[
 0.821800 	 0.999311 	 0.999635 	 1.000000 	 1.000000 
 0.985356 	 0.999311 	 1.319285 	 1.000000 	 1.320000 
 1.062267 	 0.999635 	 1.639585 	 1.000000 	 1.640000 
 1.165788 	 0.999311 	 1.959559 	 1.000000 	 1.960000 
 1.211221 	 0.999311 	 2.279535 	 1.000000 	 2.280000 
 1.254706 	 0.999311 	 2.599510 	 1.000000 	 2.600000 
 1.232639 	 0.999311 	 2.919810 	 1.000000 	 2.920000 
 1.240752 	 0.998986 	 3.239787 	 1.000000 	 3.240000 
 1.234911 	 0.999311 	 3.559763 	 1.000000 	 3.560000 
 1.273204 	 0.999960 	 3.880065 	 1.000000 	 3.880000 
 1.271906 	 0.999311 	 4.200042 	 1.000000 	 4.200000 
 1.311172 	 0.998986 	 4.520020 	 1.000000 	 4.520000 
 1.329670 	 0.999635 	 4.839998 	 1.000000 	 4.840000 
 1.377049 	 0.999960 	 5.159977 	 1.000000 	 5.160000 
 1.375102 	 0.999311 	 5.480282 	 1.000000 	 5.480000 
 1.399766 	 0.999635 	 5.799937 	 1.000000 	 5.800000 
 1.400739 	 0.999635 	 6.120243 	 1.000000 	 6.120000 
 1.431244 	 0.998986 	 6.439900 	 1.000000 	 6.440000 
 1.417290 	 0.998986 	 6.759882 	 1.000000 	 6.760000 
 1.439032 	 0.999635 	 7.079866 	 1.000000 	 7.080000 
 1.438059 	 0.999635 	 7.400174 	 1.000000 	 7.400000 
 1.475054 	 0.999635 	 7.720159 	 1.000000 	 7.720000 
 1.466616 	 0.999311 	 8.039820 	 1.000000 	 8.040000 
 1.490306 	 0.999635 	 8.360131 	 1.000000 	 8.360000 
 1.495498 	 0.999635 	 8.680119 	 1.000000 	 8.680000 
 1.530871 	 0.998986 	 9.000108 	 1.000000 	 9.000000 
 0.980164 	 0.999311 	 8.680443 	 1.000000 	 8.680000 
 0.653375 	 0.999311 	 8.360131 	 1.000000 	 8.360000 
 0.531032 	 0.999311 	 8.040145 	 1.000000 	 8.040000 
 0.586524 	 0.999311 	 7.720159 	 1.000000 	 7.720000 
 0.707245 	 0.999311 	 7.399525 	 1.000000 	 7.400000 
 0.880862 	 0.999635 	 7.079866 	 1.000000 	 7.080000 
 1.019431 	 0.999635 	 6.759882 	 1.000000 	 6.760000 
 1.130416 	 0.999635 	 6.439900 	 1.000000 	 6.440000 
 1.173252 	 0.999311 	 6.119918 	 1.000000 	 6.120000 
 1.204730 	 0.999311 	 5.800262 	 1.000000 	 5.800000 
 1.180392 	 0.999311 	 5.480282 	 1.000000 	 5.480000 
 1.153781 	 0.999311 	 5.160302 	 1.000000 	 5.160000 
 1.095043 	 0.999311 	 4.839998 	 1.000000 	 4.840000 
 1.070056 	 0.999311 	 4.520020 	 1.000000 	 4.520000 
 1.026570 	 0.999311 	 4.200042 	 1.000000 	 4.200000 
 1.008397 	 0.999635 	 3.880065 	 1.000000 	 3.880000 
 0.972700 	 0.999960 	 3.559439 	 1.000000 	 3.560000 
 0.976594 	 0.999311 	 3.239787 	 1.000000 	 3.240000 
 0.955825 	 0.999635 	 2.919486 	 1.000000 	 2.920000 
 0.958097 	 0.999635 	 2.599510 	 1.000000 	 2.600000 
 0.929215 	 0.999635 	 2.279210 	 1.000000 	 2.280000 
 0.936030 	 0.999311 	 1.959884 	 1.000000 	 1.960000 
 0.915585 	 0.999635 	 1.639585 	 1.000000 	 1.640000 
 0.912340 	 0.999635 	 1.319285 	 1.000000 	 1.320000 
 0.884107 	 0.999635 	 0.999311 	 1.000000 	 1.000000 
 0.888326 	 0.999635 	 0.679336 	 1.000000 	 0.680000 
 0.864960 	 0.999960 	 0.360011 	 1.000000 	 0.360000 
 0.860093 	 0.999635 	 0.039388 	 1.000000 	 0.040000 
 0.830561 	 0.999311 	 -0.280262 	 1.000000 	 -0.280000 
 0.830237 	 0.999635 	 -0.600561 	 1.000000 	 -0.600000 
 0.808819 	 0.999635 	 -0.920210 	 1.000000 	 -0.920000 
 0.803627 	 0.999635 	 -1.240509 	 1.000000 	 -1.240000 
 0.774420 	 0.999311 	 -1.560159 	 1.000000 	 -1.560000 
 0.777341 	 0.998986 	 -1.880458 	 1.000000 	 -1.880000 
 0.755598 	 0.999635 	 -2.200433 	 1.000000 	 -2.200000 
 0.750081 	 0.999311 	 -2.520408 	 1.000000 	 -2.520000 
 0.723146 	 0.999311 	 -2.840708 	 1.000000 	 -2.840000 
 0.723471 	 0.999635 	 -3.160359 	 1.000000 	 -3.160000 
 0.704324 	 0.999635 	 -3.480335 	 1.000000 	 -3.480000 
 0.673819 	 0.999311 	 -3.800311 	 1.000000 	 -3.800000 
 0.686476 	 0.999635 	 -4.119963 	 1.000000 	 -4.120000 
 0.662137 	 0.999311 	 -4.440264 	 1.000000 	 -4.440000 
 0.654348 	 0.999635 	 -4.760242 	 1.000000 	 -4.760000 
 0.624168 	 0.999635 	 -5.080869 	 1.000000 	 -5.080000 
 0.628062 	 0.999960 	 -5.400523 	 1.000000 	 -5.400000 
 0.609890 	 0.999635 	 -5.720826 	 1.000000 	 -5.720000 
 0.606969 	 0.999635 	 -6.040806 	 1.000000 	 -6.040000 
 0.577438 	 0.999635 	 -6.360786 	 1.000000 	 -6.360000 
 0.578736 	 0.999635 	 -6.681092 	 1.000000 	 -6.680000 
 0.558616 	 0.999635 	 -7.000749 	 1.000000 	 -7.000000 
 1.080765 	 0.999311 	 -6.680767 	 1.000000 	 -6.680000 
 1.415667 	 0.999635 	 -6.361111 	 1.000000 	 -6.360000 
 1.551965 	 0.999635 	 -6.040806 	 1.000000 	 -6.040000 
 1.481544 	 0.999635 	 -5.721151 	 1.000000 	 -5.720000 
 1.358876 	 0.999311 	 -5.400523 	 1.000000 	 -5.400000 
 1.185259 	 0.999635 	 -5.080544 	 1.000000 	 -5.080000 
 1.068757 	 0.999635 	 -4.760242 	 1.000000 	 -4.760000 
 0.941222 	 0.999311 	 -4.440264 	 1.000000 	 -4.440000 
 0.894167 	 0.999635 	 -4.120287 	 1.000000 	 -4.120000 
 0.868530 	 0.999635 	 -3.799986 	 1.000000 	 -3.800000 
 0.916559 	 0.999635 	 -3.480659 	 1.000000 	 -3.480000 
 0.928890 	 0.999635 	 -3.160359 	 1.000000 	 -3.160000 
 0.957123 	 0.999311 	 -2.840383 	 1.000000 	 -2.840000 
 1.021702 	 0.999635 	 -2.520408 	 1.000000 	 -2.520000 
 1.033385 	 0.999311 	 -2.200433 	 1.000000 	 -2.200000 
 1.072003 	 0.999635 	 -1.880134 	 1.000000 	 -1.880000 
 1.081738 	 0.999960 	 -1.560484 	 1.000000 	 -1.560000 
 1.119707 	 0.999635 	 -1.240509 	 1.000000 	 -1.240000 
 1.108349 	 0.999311 	 -0.920210 	 1.000000 	 -0.920000 
 1.129442 	 0.999311 	 -0.600236 	 1.000000 	 -0.600000 
 1.124899 	 0.999635 	 -0.280586 	 1.000000 	 -0.280000 
 1.155728 	 0.999311 	 0.039388 	 1.000000 	 0.040000 
 1.144046 	 0.999635 	 0.359686 	 1.000000 	 0.360000 
 1.166113 	 0.999311 	 0.679661 	 1.000000 	 0.680000 
 1.170007 	 0.999635 	 0.999635 	 1.000000 	 1.000000 
 1.209274 	 0.999635 	 1.319285 	 1.000000 	 1.320000 
 1.200512 	 0.999311 	 1.639260 	 1.000000 	 1.640000 
 1.224851 	 0.999311 	 1.959884 	 1.000000 	 1.960000 
 1.228096 	 0.999635 	 2.279535 	 1.000000 	 2.280000 
 1.262495 	 0.999311 	 2.599835 	 1.000000 	 2.600000 
 1.254057 	 0.998986 	 2.919810 	 1.000000 	 2.920000 
 1.278396 	 0.999635 	 3.239787 	 1.000000 	 3.240000 
 1.279045 	 0.999635 	 3.559439 	 1.000000 	 3.560000 
 1.317987 	 0.999635 	 3.879740 	 1.000000 	 3.880000 
 1.305980 	 0.999635 	 4.200042 	 1.000000 	 4.200000 
 1.332915 	 0.999635 	 4.520020 	 1.000000 	 4.520000 
 1.333564 	 0.999311 	 4.839998 	 1.000000 	 4.840000 
 1.371533 	 0.999635 	 5.159977 	 1.000000 	 5.160000 
 1.362446 	 0.999311 	 5.480282 	 1.000000 	 5.480000 
 1.384189 	 0.999635 	 5.800262 	 1.000000 	 5.800000 
 1.386460 	 0.999311 	 6.119918 	 1.000000 	 6.120000 
 1.421833 	 0.999635 	 6.439900 	 1.000000 	 6.440000 
 1.412422 	 0.999635 	 6.759882 	 1.000000 	 6.760000 
 1.437085 	 0.999635 	 7.079866 	 1.000000 	 7.080000 
 1.440979 	 0.999635 	 7.399850 	 1.000000 	 7.400000 
 1.479922 	 0.999635 	 7.719510 	 1.000000 	 7.720000 
 1.468888 	 0.999311 	 8.040145 	 1.000000 	 8.040000 
 1.494200 	 0.999311 	 8.360131 	 1.000000 	 8.360000 
 1.497446 	 0.999311 	 8.680119 	 1.000000 	 8.680000 
 1.531195 	 0.999311 	 9.000108 	 1.000000 	 9.000000 
 0.981138 	 0.999635 	 8.680443 	 1.000000 	 8.680000 
 0.653050 	 0.999311 	 8.360131 	 1.000000 	 8.360000 
 0.529085 	 0.999311 	 8.040145 	 1.000000 	 8.040000 
 0.586849 	 0.999635 	 7.719834 	 1.000000 	 7.720000 
 0.707569 	 0.999311 	 7.399525 	 1.000000 	 7.400000 
 0.884431 	 0.999311 	 7.080190 	 1.000000 	 7.080000 
 1.020404 	 0.999311 	 6.759558 	 1.000000 	 6.760000 
 1.132038 	 0.999311 	 6.440224 	 1.000000 	 6.440000 
 1.172279 	 0.999311 	 6.119918 	 1.000000 	 6.120000 
 1.202459 	 0.999311 	 5.799937 	 1.000000 	 5.800000 
 1.179094 	 0.999635 	 5.479957 	 1.000000 	 5.480000 
 1.153781 	 0.999635 	 5.159977 	 1.000000 	 5.160000 
